3980.0	8.8915073e-17
3981.4	8.6338344e-16
3982.8	2.6658583e-16
3984.2	1.6094714e-16
3985.6	8.3130513e-16
3987.0	1.8142171e-16
3988.4	1.800358e-16
3989.8	3.6143372e-17
3991.2	-1.40214e-16
3992.6	9.150353e-16
3994.0	5.1222586e-16
3995.4	-1.691631e-16
3996.8	1.2996487e-15
3998.2	-6.4769784e-17
3999.6	-3.9140085e-16
4001.0	6.302809e-17
4002.4	5.376136e-16
4003.8	5.369028e-16
4005.2	9.870243e-16
4006.6	6.247926e-16
4008.0	6.4260515e-16
4009.4	1.8135031e-16
4010.8	5.244173e-16
4012.2	8.871252e-16
4013.6	-2.4802128e-16
4015.0	7.902087e-16
4016.4	4.9226326e-16
4017.8	-3.1496047e-16
4019.2	1.0586398e-16
4020.6	-9.986939e-17
4022.0	-3.0784973e-16
4023.4	1.2385658e-15
4024.8	3.8447614e-16
4026.2	-1.783614e-16
4027.6	-2.8913557e-16
4029.0	8.18344e-16
4030.4	1.0528122e-15
4031.8	1.8033755e-16
4033.2	1.2060555e-15
4034.6	9.473584e-17
4036.0	1.6072299e-15
4037.4	8.324534e-16
4038.8	9.010668e-17
4040.2	-2.2332074e-16
4041.6	1.0932902e-15
4043.0	8.2194764e-16
4044.4	8.5936786e-16
4045.8	-1.1252658e-16
4047.2	1.41761e-16
4048.6	3.216345e-16
4050.0	5.0290437e-16
4051.4	3.2483373e-17
4052.8	6.03757e-17
4054.2	4.638234e-16
4055.6	-3.5430356e-16
4057.0	2.304888e-16
4058.4	-1.8759624e-17
4059.8	9.605068e-16
4061.2	9.934176e-18
4062.6	-4.87908e-17
4064.0	7.904288e-17
4065.4	-5.382487e-16
4066.8	6.343893e-16
4068.2	-4.740642e-16
4069.6	1.0200184e-15
4071.0	-5.2079117e-16
4072.4	1.3698322e-17
4073.8	3.738049e-16
4075.2	2.807064e-16
4076.6	6.24037e-16
4078.0	2.4306868e-16
4079.4	-1.7753488e-16
4080.8	3.0838815e-16
4082.2	-3.847156e-16
4083.6	-2.3008144e-16
4085.0	1.5012906e-16
4086.4	7.6214405e-16
4087.8	-1.4926662e-16
4089.2	-2.415675e-16
4090.6	3.993982e-16
4092.0	4.5634726e-16
4093.4	-1.3222053e-16
4094.8	-5.712857e-16
4096.2	8.4654866e-16
4097.6	-1.7443847e-16
4099.0	-2.9231835e-16
4100.4	3.3524354e-16
4101.8	4.538356e-16
4103.2	4.029851e-18
4104.6	-1.9145893e-16
4106.0	-3.823031e-16
4107.4	-1.946784e-17
4108.8	1.7879835e-16
4110.2	-1.2473561e-16
4111.6	-2.845472e-17
4113.0	2.4663958e-16
4114.4	3.6322446e-16
4115.8	-3.157603e-16
4117.2	2.9085264e-16
4118.6	-2.4007875e-17
4120.0	1.9525834e-16
4121.4	4.0973488e-16
4122.8	1.1402377e-17
4124.2	-1.1668976e-17
4125.6	1.6163112e-16
4127.0	6.5900503e-16
4128.4	2.226751e-16
4129.8	3.4569267e-16
4131.2	2.919192e-16
4132.6	6.127399e-16
4134.0	-2.1488047e-16
4135.4	1.0600956e-16
4136.8	1.8920961e-16
4138.2	1.2647332e-16
4139.6	1.3776274e-16
4141.0	1.9024664e-16
4142.4	7.467657e-17
4143.8	6.008846e-16
4145.2	-1.6264385e-16
4146.6	-2.8858878e-16
4148.0	3.7709192e-16
4149.4	2.5701333e-16
4150.8	-2.4296846e-17
4152.2	3.2262196e-16
4153.6	1.2448879e-16
4155.0	1.2342592e-16
4156.4	3.098365e-16
4157.8	-7.088316e-17
4159.2	-4.0847454e-16
4160.6	2.0234688e-16
4162.0	-3.2428863e-16
4163.4	1.1785528e-16
4164.8	2.990641e-16
4166.2	3.4285452e-17
4167.6	5.47642e-16
4169.0	-2.1066946e-16
4170.4	-2.7464797e-18
4171.8	-2.7000718e-16
4173.2	3.1314117e-16
4174.6	-4.0946837e-17
4176.0	-1.0648917e-17
4177.4	-8.7611735e-17
4178.8	1.7992548e-16
4180.2	-7.244764e-17
4181.6	-4.0297106e-19
4183.0	-1.6019203e-17
4184.4	-5.0032284e-17
4185.8	1.8684218e-16
4187.2	2.716749e-16
4188.6	2.7159818e-16
4190.0	3.4125809e-16
4191.4	3.6707742e-16
4192.8	-1.5002523e-16
4194.2	-2.3641469e-17
4195.6	-1.9556422e-16
4197.0	8.27414e-17
4198.4	-6.653575e-17
4199.8	-2.6276377e-18
4201.2	-1.0018949e-18
4202.6	8.698909e-17
4204.0	2.676621e-16
4205.4	2.6167082e-16
4206.8	-6.7018914e-17
4208.2	1.7527824e-16
4209.6	3.704062e-16
4211.0	3.1840387e-16
4212.4	4.8640004e-16
4213.8	-1.1088762e-16
4215.2	1.02882845e-16
4216.6	2.6906565e-16
4218.0	5.736679e-17
4219.4	-8.394871e-17
4220.8	2.123415e-16
4222.2	1.7856521e-16
4223.6	8.54818e-17
4225.0	-1.7218999e-16
4226.4	-1.3956207e-16
4227.8	-9.845646e-17
4229.2	2.6679378e-16
4230.6	-1.2222029e-16
4232.0	-1.8394128e-16
4233.4	2.300612e-16
4234.8	2.0110704e-16
4236.2	-7.383278e-18
4237.6	2.4211203e-16
4239.0	1.5238869e-18
4240.4	4.7797916e-16
4241.8	2.0349342e-16
4243.2	2.0466746e-16
4244.6	6.1403544e-18
4246.0	2.1686784e-16
4247.4	8.389493e-18
4248.8	7.8418694e-17
4250.2	-1.0793195e-16
4251.6	1.06209786e-16
4253.0	4.5163863e-17
4254.4	1.0373636e-16
4255.8	1.7971781e-16
4257.2	-1.7560101e-16
4258.6	9.2849204e-17
4260.0	4.0386915e-17
4261.4	1.5604327e-16
4262.8	-7.269675e-17
4264.2	2.9281575e-17
4265.6	1.3507697e-16
4267.0	1.936239e-18
4268.4	3.0496024e-16
4269.8	1.9371217e-16
4271.2	-1.5985572e-16
4272.6	5.2721405e-17
4274.0	7.219832e-17
4275.4	-8.839867e-19
4276.8	1.3933123e-16
4278.2	1.8600982e-16
4279.6	-5.1096736e-17
4281.0	-4.722399e-17
4282.4	4.501079e-17
4283.8	2.0746653e-17
4285.2	5.5382257e-17
4286.6	-4.7004877e-18
4288.0	-2.0810575e-16
4289.4	2.1748291e-16
4290.8	-6.358802e-17
4292.2	9.414087e-17
4293.6	2.1374939e-16
4295.0	4.849145e-16
4296.4	1.2947681e-16
4297.8	-8.3334966e-17
4299.2	-2.5944394e-16
4300.6	2.2907847e-16
4302.0	-1.328201e-16
4303.4	-3.9407116e-17
4304.8	-1.03033266e-16
4306.2	-9.479332e-17
4307.6	-2.541032e-16
4309.0	-1.21111e-16
4310.4	2.252512e-16
4311.8	6.3816964e-18
4313.2	-9.8811303e-17
4314.6	1.7272673e-17
4316.0	1.6001077e-16
4317.4	-1.3427823e-16
4318.8	9.930514e-17
4320.2	-9.2337556e-17
4321.6	1.5434919e-16
4323.0	9.62722e-17
4324.4	8.815234e-19
4325.8	1.1017536e-16
4327.2	5.0596726e-17
4328.6	1.2447102e-16
4330.0	4.0608593e-17
4331.4	-6.5703446e-17
4332.8	1.2134045e-16
4334.2	-2.876958e-17
4335.6	-2.0849145e-17
4337.0	6.7001127e-17
4338.4	-1.752084e-17
4339.8	1.2528456e-16
4341.2	-2.8257657e-16
4342.6	1.6778561e-17
4344.0	-1.0091369e-16
4345.4	9.297276e-17
4346.8	-9.574963e-17
4348.2	-1.0357409e-16
4349.6	-6.253487e-17
4351.0	-1.02035237e-16
4352.4	1.0732653e-16
4353.8	-4.461243e-17
4355.2	1.8318993e-16
4356.6	1.2853897e-16
4358.0	1.8975947e-16
4359.4	-3.367437e-17
4360.8	1.9297388e-16
4362.2	-2.542566e-16
4363.6	-1.0159386e-16
4365.0	-8.2710716e-17
4366.4	-1.4855366e-17
4367.8	4.2042523e-17
4369.2	-1.588511e-16
4370.6	-1.0240392e-16
4372.0	-6.996522e-17
4373.4	1.4812589e-16
4374.8	-6.0259644e-17
4376.2	2.1788361e-16
4377.6	1.6433918e-16
4379.0	1.8249494e-16
4380.4	1.9906837e-16
4381.8	2.0436344e-16
4383.2	-7.426691e-17
4384.6	-1.0168925e-16
4386.0	1.5643392e-16
4387.4	1.6320966e-16
4388.8	6.955536e-17
4390.2	-2.6843837e-16
4391.6	-2.2177137e-17
4393.0	1.4600251e-16
4394.4	1.2197268e-16
4395.8	6.1653106e-17
4397.2	-1.2931902e-16
4398.6	7.116476e-17
4400.0	2.1642119e-17
4401.4	-1.09245426e-16
4402.8	2.0755206e-16
4404.2	6.036482e-17
4405.6	2.1638734e-16
4407.0	1.0227706e-16
4408.4	-2.5945185e-17
4409.8	-1.7570513e-16
4411.2	1.9217498e-16
4412.6	7.032554e-17
4414.0	5.9457736e-17
4415.4	-5.430443e-17
4416.8	8.267857e-17
4418.2	6.601153e-17
4419.6	1.9027745e-16
4421.0	9.212735e-17
4422.4	-8.106562e-17
4423.8	1.0958087e-16
4425.2	-1.2678818e-16
4426.6	7.468726e-17
4428.0	1.1704464e-16
4429.4	6.455263e-17
4430.8	9.234909e-17
4432.2	8.608325e-17
4433.6	-8.697063e-18
4435.0	1.418162e-16
4436.4	2.1312328e-16
4437.8	-3.507687e-18
4439.2	-3.4433203e-17
4440.6	2.461579e-16
4442.0	8.507216e-17
4443.4	5.1356865e-17
4444.8	-6.3473834e-19
4446.2	-1.1797047e-16
4447.6	1.3831398e-16
4449.0	-9.036501e-18
4450.4	2.9507849e-18
4451.8	6.773658e-17
4453.2	4.5251885e-17
4454.6	1.2448101e-16
4456.0	-2.1082165e-17
4457.4	-1.4097549e-16
4458.8	-1.2373575e-16
4460.2	-8.240453e-17
4461.6	-1.068429e-16
4463.0	9.6637704e-17
4464.4	1.7754002e-16
4465.8	7.1181555e-18
4467.2	1.9911291e-17
4468.6	-3.9009445e-18
4470.0	-1.3599128e-17
4471.4	3.7086553e-17
4472.8	-4.2086698e-17
4474.2	-4.6656113e-17
4475.6	-1.0204932e-17
4477.0	5.9199536e-17
4478.4	2.7777337e-17
4479.8	-3.6004863e-17
4481.2	7.529627e-17
4482.6	6.749223e-17
4484.0	2.7904213e-17
4485.4	7.825914e-17
4486.8	-7.1909014e-17
4488.2	4.880062e-17
4489.6	-8.2007275e-17
4491.0	4.2616196e-17
4492.4	6.579618e-17
4493.8	-1.7394433e-16
4495.2	2.876636e-17
4496.6	-1.4556832e-17
4498.0	1.4090802e-16
4499.4	-1.1695668e-16
4500.8	7.087192e-17
4502.2	9.812093e-17
4503.6	3.8913087e-17
4505.0	-1.0034637e-16
4506.4	-1.994078e-17
4507.8	6.0199836e-17
4509.2	1.1300809e-16
4510.6	1.9201791e-16
4512.0	-6.7290964e-17
4513.4	-1.8711846e-17
4514.8	-9.691005e-18
4516.2	5.2467216e-17
4517.6	-1.3290573e-17
4519.0	1.2189707e-16
4520.4	7.5795235e-17
4521.8	-1.9080258e-17
4523.2	1.2817692e-16
4524.6	7.75433e-17
4526.0	-8.127552e-17
4527.4	1.8117605e-17
4528.8	-1.6177062e-17
4530.2	1.3138378e-16
4531.6	1.1022334e-16
4533.0	-3.8546365e-17
4534.4	1.2512128e-17
4535.8	-1.3376674e-16
4537.2	-6.88403e-18
4538.6	-5.1850523e-17
4540.0	1.4257685e-17
4541.4	-4.2251542e-17
4542.8	-3.29851e-17
4544.2	6.954656e-17
4545.6	3.8913772e-17
4547.0	6.381571e-17
4548.4	-4.1326992e-17
4549.8	-1.0193567e-17
4551.2	-7.119182e-17
4552.6	3.1343207e-17
4554.0	7.297676e-18
4555.4	1.09162324e-16
4556.8	7.23212e-17
4558.2	-6.231898e-17
4559.6	1.9934695e-17
4561.0	1.4767527e-16
4562.4	8.614445e-17
4563.8	8.211407e-18
4565.2	5.3137153e-17
4566.6	9.369514e-17
4568.0	1.6156234e-16
4569.4	-2.5763384e-17
4570.8	-5.774074e-17
4572.2	5.1025443e-18
4573.6	1.5575868e-16
4575.0	-7.45237e-18
4576.4	-1.4256877e-16
4577.8	-5.4530866e-17
4579.2	5.098525e-17
4580.6	5.5801664e-17
4582.0	-1.2656376e-17
4583.4	5.4573684e-17
4584.8	-1.2691602e-17
4586.2	7.130147e-17
4587.6	6.311511e-17
4589.0	1.4383857e-16
4590.4	1.2914118e-16
4591.8	6.4979147e-17
4593.2	3.1180563e-17
4594.6	-1.4040675e-16
4596.0	-4.551501e-17
4597.4	-4.4653823e-17
4598.8	1.511377e-16
4600.2	2.5286178e-17
4601.6	4.4524584e-19
4603.0	1.1831677e-17
4604.4	8.529623e-17
4605.8	1.7779744e-17
4607.2	5.7282515e-17
4608.6	1.3038614e-16
4610.0	1.3193864e-16
4611.4	6.44494e-17
4612.8	4.3586446e-17
4614.2	-3.8406694e-17
4615.6	1.5747454e-16
4617.0	8.2791045e-17
4618.4	4.4371397e-17
4619.8	8.143987e-17
4621.2	2.7212355e-17
4622.6	1.6098315e-16
4624.0	3.542506e-17
4625.4	9.0307165e-17
4626.8	-1.294996e-16
4628.2	1.3096076e-16
4629.6	-2.0815022e-17
4631.0	1.6615312e-16
4632.4	7.1319165e-18
4633.8	3.611008e-17
4635.2	8.477671e-17
4636.6	-2.0175201e-17
4638.0	1.1476877e-16
4639.4	4.4964873e-17
4640.8	1.823328e-17
4642.2	7.142344e-17
4643.6	4.0929856e-18
4645.0	9.8319243e-17
4646.4	1.1366272e-16
4647.8	-6.127132e-17
4649.2	1.2202161e-16
4650.6	4.6604034e-17
4652.0	1.0999159e-16
4653.4	5.8279917e-17
4654.8	-6.806836e-17
4656.2	-3.429219e-17
4657.6	8.493465e-17
4659.0	2.3082058e-16
4660.4	-8.125815e-17
4661.8	1.4061877e-16
4663.2	4.460657e-17
4664.6	4.374415e-17
4666.0	-9.339908e-18
4667.4	-5.631444e-17
4668.8	-1.961277e-17
4670.2	2.2214541e-17
4671.6	7.917884e-19
4673.0	1.6553946e-16
4674.4	-5.2247067e-17
4675.8	-4.8302335e-17
4677.2	-2.2533204e-18
4678.6	7.5497496e-17
4680.0	1.9741957e-17
4681.4	8.7836796e-18
4682.8	2.3920414e-17
4684.2	-6.569961e-17
4685.6	3.2114665e-17
4687.0	-3.3285414e-17
4688.4	9.00884e-17
4689.8	-1.0665854e-17
4691.2	-3.8252465e-17
4692.6	2.6574434e-17
4694.0	-7.166273e-18
4695.4	5.5092388e-18
4696.8	1.352705e-16
4698.2	3.1681544e-17
4699.6	5.5484202e-17
4701.0	-4.409949e-17
4702.4	-1.7206768e-17
4703.8	7.139203e-18
4705.2	-6.9613456e-17
4706.6	-4.698376e-17
4708.0	6.3094386e-17
4709.4	4.336776e-17
4710.8	-6.031805e-17
4712.2	4.59418e-17
4713.6	1.7673342e-17
4715.0	5.4069587e-17
4716.4	-3.8799932e-17
4717.8	1.2987907e-16
4719.2	-1.12868125e-17
4720.6	-9.689557e-18
4722.0	4.182222e-18
4723.4	6.0849596e-17
4724.8	-7.0939784e-17
4726.2	6.6456915e-18
4727.6	-4.4554135e-17
4729.0	2.0586221e-17
4730.4	3.213433e-17
4731.8	1.008819e-16
4733.2	1.3053488e-17
4734.6	3.101782e-17
4736.0	7.181634e-17
4737.4	6.2435116e-17
4738.8	9.600567e-17
4740.2	9.62529e-17
4741.6	3.577825e-17
4743.0	1.2247281e-17
4744.4	-3.1189163e-18
4745.8	-3.4376303e-17
4747.2	7.35104e-17
4748.6	5.4107183e-18
4750.0	-6.1864482e-18
4751.4	-8.127152e-17
4752.8	1.8309515e-17
4754.2	-6.5593516e-18
4755.6	3.2682856e-17
4757.0	2.5378199e-17
4758.4	3.7408442e-17
4759.8	2.2564354e-17
4761.2	3.7509772e-17
4762.6	-8.268979e-18
4764.0	-2.022926e-17
4765.4	-3.602278e-17
4766.8	-5.1024322e-17
4768.2	5.5835812e-18
4769.6	1.0303105e-16
4771.0	8.86739e-17
4772.4	6.653146e-17
4773.8	2.5382446e-17
4775.2	-1.07976815e-17
4776.6	-6.8748576e-17
4778.0	5.4746982e-17
4779.4	-1.2794927e-17
4780.8	9.022924e-17
4782.2	-4.100634e-17
4783.6	-1.1813376e-17
4785.0	9.54665e-17
4786.4	7.198233e-17
4787.8	-9.7960154e-18
4789.2	4.3388945e-17
4790.6	8.843979e-22
4792.0	-4.8480827e-17
4793.4	7.465673e-17
4794.8	5.9542234e-17
4796.2	-2.7470183e-17
4797.6	-5.351887e-17
4799.0	9.7785063e-17
4800.4	5.4719205e-17
4801.8	4.666991e-17
4803.2	-6.492928e-17
4804.6	4.8722857e-17
4806.0	1.0936381e-17
4807.4	1.7232532e-18
4808.8	3.3707223e-17
4810.2	-2.9639953e-17
4811.6	-3.0761074e-17
4813.0	-6.4140743e-18
4814.4	3.2666661e-18
4815.8	2.7720889e-17
4817.2	3.648396e-17
4818.6	-5.759547e-18
4820.0	-1.761661e-17
4821.4	3.7891675e-17
4822.8	4.9095902e-17
4824.2	1.2644268e-16
4825.6	4.6362424e-17
4827.0	-3.0715545e-17
4828.4	6.03043e-17
4829.8	7.345545e-17
4831.2	2.80276e-17
4832.6	7.8036484e-17
4834.0	1.4702811e-16
4835.4	1.9667404e-17
4836.8	3.8386266e-17
4838.2	1.4928969e-16
4839.6	-2.3957978e-17
4841.0	-5.007228e-17
4842.4	1.0213184e-16
4843.8	6.5285203e-17
4845.2	6.8785494e-17
4846.6	3.4668708e-17
4848.0	4.1476398e-17
4849.4	1.7324995e-17
4850.8	-3.1191e-17
4852.2	-5.9700364e-17
4853.6	3.5088254e-17
4855.0	-1.6119737e-17
4856.4	8.455896e-17
4857.8	3.705519e-18
4859.2	1.5342662e-17
4860.6	-3.2468553e-17
4862.0	-1.575996e-17
4863.4	4.8210707e-17
4864.8	5.523614e-17
4866.2	-4.71002e-17
4867.6	3.892961e-17
4869.0	2.4237219e-17
4870.4	4.7183242e-17
4871.8	4.2149557e-17
4873.2	5.4428325e-17
4874.6	1.8870878e-17
4876.0	-3.0507662e-17
4877.4	8.494773e-17
4878.8	2.425332e-17
4880.2	-3.2301426e-17
4881.6	8.3899063e-17
4883.0	-1.8851519e-17
4884.4	5.9848324e-17
4885.8	4.4168477e-17
4887.2	8.066855e-17
4888.6	7.979454e-17
4890.0	6.678428e-17
4891.4	3.5030414e-17
4892.8	2.9470468e-18
4894.2	3.529442e-19
4895.6	9.312284e-17
4897.0	1.8387044e-17
4898.4	-6.3193716e-18
4899.8	5.418251e-17
4901.2	4.943439e-17
4902.6	-2.957516e-17
4904.0	1.0532973e-17
4905.4	4.666618e-18
4906.8	4.4684158e-17
4908.2	-1.0782882e-17
4909.6	1.7941832e-17
4911.0	8.056551e-17
4912.4	2.8288667e-17
4913.8	-3.6756687e-17
4915.2	1.01069315e-16
4916.6	2.7395218e-17
4918.0	1.929822e-17
4919.4	-1.0819872e-17
4920.8	7.5508295e-17
4922.2	4.922812e-17
4923.6	5.2311918e-17
4925.0	3.113126e-17
4926.4	6.3558474e-17
4927.8	3.3224086e-17
4929.2	-2.493921e-17
4930.6	-3.9705788e-17
4932.0	7.96251e-18
4933.4	8.338161e-17
4934.8	7.733007e-17
4936.2	6.528511e-17
4937.6	7.664504e-17
4939.0	3.2627196e-17
4940.4	4.1662397e-17
4941.8	4.2220185e-17
4943.2	5.0025845e-17
4944.6	6.8592794e-17
4946.0	4.3760415e-17
4947.4	9.3567726e-17
4948.8	7.190772e-17
4950.2	6.5016595e-17
4951.6	-7.4948864e-20
4953.0	1.1455042e-17
4954.4	1.3507761e-16
4955.8	1.7916853e-17
4957.2	2.6068544e-17
4958.6	8.605406e-17
4960.0	3.217675e-17
4961.4	-5.0107955e-18
4962.8	3.5428563e-17
4964.2	6.405222e-17
4965.6	5.757989e-17
4967.0	5.656629e-17
4968.4	6.148655e-17
4969.8	1.05160914e-16
4971.2	6.063956e-17
4972.6	3.9792043e-17
4974.0	1.2177404e-16
4975.4	1.458828e-17
4976.8	1.6466959e-17
4978.2	5.4259187e-17
4979.6	-1.1333087e-17
4981.0	5.4510008e-17
4982.4	2.5400576e-17
4983.8	-1.3543592e-18
4985.2	-1.7058567e-17
4986.6	1.6804404e-17
4988.0	2.5696695e-17
4989.4	2.3529382e-17
4990.8	-8.676594e-18
4992.2	-1.2016808e-18
4993.6	8.454326e-17
4995.0	3.6865375e-17
4996.4	-4.4539213e-17
4997.8	3.0192718e-17
4999.2	-2.8774212e-17
5000.6	1.4748156e-17
5002.0	2.8784046e-17
5003.4	1.8882465e-17
5004.8	4.269919e-17
5006.2	1.3766614e-17
5007.6	9.540323e-17
5009.0	4.8336127e-17
5010.4	4.812292e-17
5011.8	4.043241e-18
5013.2	3.7058853e-17
5014.6	1.952027e-17
5016.0	3.5864113e-17
5017.4	4.4980316e-18
5018.8	8.626325e-17
5020.2	2.9278544e-17
5021.6	2.8685823e-17
5023.0	4.6946123e-17
5024.4	2.8645106e-17
5025.8	3.003302e-17
5027.2	1.0531687e-16
5028.6	3.573565e-17
5030.0	9.117778e-17
5031.4	-1.925807e-17
5032.8	7.043296e-17
5034.2	3.9537423e-17
5035.6	2.3901725e-17
5037.0	2.9379533e-17
5038.4	4.5882723e-17
5039.8	1.8227864e-17
5041.2	4.0244815e-17
5042.6	6.6689035e-17
5044.0	6.500008e-17
5045.4	1.3559949e-16
5046.8	2.808378e-17
5048.2	4.3836943e-17
5049.6	4.792249e-17
5051.0	1.6581325e-17
5052.4	8.122688e-17
5053.8	-3.2824677e-18
5055.2	5.1222375e-17
5056.6	8.369324e-18
5058.0	5.3480247e-17
5059.4	7.0035935e-18
5060.8	5.56962e-18
5062.2	8.253855e-17
5063.6	4.9174e-17
5065.0	1.2902578e-17
5066.4	7.6822494e-17
5067.8	4.5758387e-17
5069.2	4.093278e-17
5070.6	6.6840726e-17
5072.0	1.6096152e-17
5073.4	5.2847153e-17
5074.8	5.800558e-17
5076.2	5.4829882e-17
5077.6	7.053741e-17
5079.0	-1.3775941e-18
5080.4	9.4812145e-18
5081.8	2.3519688e-17
5083.2	3.270876e-17
5084.6	1.089456e-16
5086.0	7.937768e-17
5087.4	6.3240836e-17
5088.8	7.018819e-17
5090.2	5.8186955e-17
5091.6	5.873223e-17
5093.0	1.8940605e-17
5094.4	1.8422037e-17
5095.8	2.0895773e-17
5097.2	2.510856e-17
5098.6	1.1788746e-17
5100.0	8.340976e-17
5101.4	9.885619e-17
5102.8	1.15623786e-17
5104.2	6.987965e-17
5105.6	6.721735e-17
5107.0	1.1296235e-16
5108.4	8.292246e-17
5109.8	4.9000247e-17
5111.2	4.8690637e-17
5112.6	7.698623e-17
5114.0	6.09825e-17
5115.4	8.4474814e-17
5116.8	3.3049138e-17
5118.2	5.141512e-17
5119.6	7.760832e-17
5121.0	4.2996904e-17
5122.4	6.769916e-18
5123.8	4.2701283e-17
5125.2	8.627589e-18
5126.6	-5.957151e-17
5128.0	1.0167159e-16
5129.4	1.6522647e-17
5130.8	7.824021e-18
5132.2	-1.3678684e-18
5133.6	3.333383e-17
5135.0	8.8612795e-17
5136.4	2.1760293e-17
5137.8	1.217149e-16
5139.2	-4.5753217e-18
5140.6	2.2700399e-17
5142.0	7.799379e-17
5143.4	-6.2744338e-18
5144.8	3.594277e-17
5146.2	1.142127e-16
5147.6	4.3784976e-17
5149.0	3.9128267e-17
5150.4	6.879294e-17
5151.8	1.7357957e-17
5153.2	1.0263222e-16
5154.6	1.077367e-16
5156.0	-3.556781e-17
5157.4	6.3327446e-17
5158.8	1.9451397e-17
5160.2	2.0511237e-17
5161.6	1.8624015e-17
5163.0	3.174882e-17
5164.4	9.05474e-18
5165.8	2.5396016e-17
5167.2	5.704741e-17
5168.6	2.9658872e-17
5170.0	-3.502831e-18
5171.4	4.497089e-17
5172.8	3.7005003e-17
5174.2	8.387862e-17
5175.6	4.3064416e-17
5177.0	3.606144e-17
5178.4	1.3359374e-17
5179.8	3.0152543e-17
5181.2	-8.170889e-18
5182.6	7.980785e-18
5184.0	-8.1836494e-19
5185.4	4.1205274e-17
5186.8	3.727988e-17
5188.2	9.380254e-17
5189.6	6.688961e-17
5191.0	6.652494e-17
5192.4	6.3756494e-17
5193.8	3.9245915e-17
5195.2	9.391251e-18
5196.6	2.7332198e-18
5198.0	-1.6100457e-17
5199.4	5.604928e-17
5200.8	1.3491127e-16
5202.2	5.6202575e-17
5203.6	5.3279245e-18
5205.0	6.652539e-17
5206.4	1.8143487e-17
5207.8	1.0873721e-17
5209.2	5.596842e-17
5210.6	1.0923785e-16
5212.0	5.80029e-17
5213.4	8.598236e-17
5214.8	-2.6725036e-17
5216.2	1.6633972e-17
5217.6	3.064958e-17
5219.0	5.1787462e-17
5220.4	1.8982268e-17
5221.8	4.1924955e-17
5223.2	9.0839076e-17
5224.6	7.810759e-17
5226.0	1.092592e-16
5227.4	4.2079253e-17
5228.8	3.710459e-17
5230.2	1.0304009e-16
5231.6	5.8041986e-17
5233.0	4.8638187e-17
5234.4	1.2177213e-16
5235.8	4.0670664e-17
5237.2	3.8640032e-17
5238.6	3.1505195e-17
5240.0	3.187908e-17
5241.4	-1.8078896e-17
5242.8	3.4768042e-17
5244.2	5.1453943e-17
5245.6	9.463356e-17
5247.0	4.5603764e-17
5248.4	8.414814e-17
5249.8	9.0696423e-17
5251.2	3.036317e-17
5252.6	4.073482e-17
5254.0	7.6935996e-17
5255.4	3.1897696e-17
5256.8	7.541259e-17
5258.2	3.044879e-17
5259.6	9.1745063e-17
5261.0	1.450235e-17
5262.4	4.9727273e-17
5263.8	5.563598e-17
5265.2	1.1910999e-17
5266.6	1.1835385e-17
5268.0	8.187399e-17
5269.4	6.824506e-17
5270.8	6.242303e-17
5272.2	1.466173e-17
5273.6	8.527114e-18
5275.0	7.5447296e-17
5276.4	8.755568e-17
5277.8	5.7472516e-17
5279.2	-1.9573785e-17
5280.6	7.9558886e-17
5282.0	5.102055e-17
5283.4	2.9135392e-17
5284.8	5.3901478e-17
5286.2	3.92555e-17
5287.6	3.073733e-17
5289.0	8.722818e-17
5290.4	4.7319618e-17
5291.8	6.8927524e-17
5293.2	4.9016013e-17
5294.6	9.843259e-17
5296.0	1.0973365e-16
5297.4	4.1625327e-17
5298.8	6.199138e-17
5300.2	8.1771184e-17
5301.6	1.00491175e-16
5303.0	9.134309e-17
5304.4	1.22904e-16
5305.8	7.8841006e-17
5307.2	1.3654467e-17
5308.6	5.501663e-17
5310.0	1.3852439e-16
5311.4	5.886131e-17
5312.8	6.578949e-17
5314.2	1.1848776e-16
5315.6	1.1016201e-16
5317.0	4.3747895e-17
5318.4	5.2212917e-17
5319.8	4.7519514e-17
5321.2	-5.552546e-17
5322.6	4.588261e-17
5324.0	7.519662e-17
5325.4	9.097902e-17
5326.8	3.4986656e-17
5328.2	5.6978523e-17
5329.6	2.4620576e-17
5331.0	7.4012257e-17
5332.4	7.7128405e-17
5333.8	5.4739693e-17
5335.2	5.96366e-17
5336.6	6.712033e-17
5338.0	6.2984205e-17
5339.4	5.6733036e-17
5340.8	9.58508e-17
5342.2	8.45704e-17
5343.6	9.873832e-17
5345.0	1.4192607e-16
5346.4	4.5353896e-17
5347.8	7.983011e-17
5349.2	1.2274366e-16
5350.6	1.0780425e-16
5352.0	9.4089346e-17
5353.4	7.223604e-17
5354.8	7.236263e-17
5356.2	1.0663345e-16
5357.6	5.1748244e-17
5359.0	3.7154862e-17
5360.4	1.1654565e-16
5361.8	1.07578114e-16
5363.2	6.5718136e-17
5364.6	1.1892332e-16
5366.0	1.3346059e-16
5367.4	1.8955955e-17
5368.8	6.893323e-17
5370.2	1.5055399e-16
5371.6	1.0722025e-16
5373.0	1.334618e-16
5374.4	8.7754016e-17
5375.8	1.115634e-16
5377.2	6.832625e-17
5378.6	8.215225e-17
5380.0	5.7203146e-17
5381.4	5.1171666e-17
5382.8	1.0334206e-16
5384.2	6.965063e-17
5385.6	2.6728947e-17
5387.0	7.292273e-17
5388.4	5.1584333e-17
5389.8	6.646871e-17
5391.2	8.9027676e-17
5392.6	8.648088e-17
5394.0	3.1388834e-17
5395.4	4.7739346e-17
5396.8	6.4640055e-17
5398.2	1.0213772e-17
5399.6	6.009485e-17
5401.0	6.297503e-17
5402.4	1.3421958e-16
5403.8	6.2656284e-17
5405.2	9.166204e-17
5406.6	8.765886e-17
5408.0	1.0937905e-16
5409.4	8.541232e-17
5410.8	1.2419775e-16
5412.2	3.803525e-17
5413.6	1.1132275e-16
5415.0	1.0053544e-16
5416.4	1.2011441e-16
5417.8	8.3517e-17
5419.2	6.291141e-17
5420.6	8.8599296e-17
5422.0	5.815793e-17
5423.4	2.3570017e-17
5424.8	5.65543e-17
5426.2	5.986747e-17
5427.6	6.619102e-17
5429.0	7.736485e-17
5430.4	1.4409185e-16
5431.8	9.874438e-17
5433.2	1.3019177e-16
5434.6	4.5136195e-17
5436.0	7.247248e-17
5437.4	5.471904e-17
5438.8	6.245875e-17
5440.2	7.021718e-17
5441.6	8.8918514e-17
5443.0	6.059958e-17
5444.4	7.138188e-17
5445.8	3.1071375e-17
5447.2	6.025481e-17
5448.6	8.913507e-17
5450.0	8.767344e-17
5451.4	8.135175e-17
5452.8	6.219163e-17
5454.2	7.692472e-17
5455.6	8.562819e-17
5457.0	7.37204e-17
5458.4	4.2525306e-17
5459.8	7.013392e-17
5461.2	9.5196504e-17
5462.6	4.7145788e-17
5464.0	6.661172e-17
5465.4	5.765667e-17
5466.8	3.132025e-18
5468.2	7.7835155e-17
5469.6	6.298695e-17
5471.0	6.524275e-17
5472.4	3.3962607e-17
5473.8	7.286556e-17
5475.2	8.720673e-17
5476.6	9.489662e-17
5478.0	6.861089e-17
5479.4	7.054511e-17
5480.8	9.367481e-17
5482.2	9.021929e-17
5483.6	1.1725305e-16
5485.0	7.220951e-17
5486.4	7.7668766e-17
5487.8	6.5446834e-17
5489.2	8.3223727e-17
5490.6	4.583687e-17
5492.0	7.549791e-17
5493.4	5.6939434e-17
5494.8	7.3300504e-17
5496.2	7.078306e-17
5497.6	6.6653724e-17
5499.0	-1.3322808e-18
5500.4	2.4650833e-17
5501.8	4.345345e-17
5503.2	7.291461e-17
5504.6	7.889277e-17
5506.0	9.781195e-17
5507.4	7.6243864e-17
5508.8	1.1983917e-16
5510.2	8.701384e-17
5511.6	1.046984e-16
5513.0	1.1951507e-16
5514.4	5.636153e-17
5515.8	6.92061e-17
5517.2	4.6611882e-17
5518.6	1.0115468e-16
5520.0	9.489962e-17
5521.4	1.0345516e-16
5522.8	1.1476448e-16
5524.2	7.172185e-17
5525.6	8.633368e-17
5527.0	1.0573834e-16
5528.4	7.986341e-17
5529.8	1.2463439e-16
5531.2	8.3228e-17
5532.6	9.301043e-17
5534.0	6.956212e-17
5535.4	4.0791787e-17
5536.8	7.0863445e-17
5538.2	5.290378e-17
5539.6	1.2226697e-16
5541.0	9.670391e-17
5542.4	7.074086e-17
5543.8	8.937337e-17
5545.2	9.013284e-17
5546.6	1.1465819e-16
5548.0	7.004715e-17
5549.4	8.6206434e-17
5550.8	6.12974e-17
5552.2	1.0824907e-16
5553.6	9.1871774e-17
5555.0	8.8568286e-17
5556.4	7.627501e-17
5557.8	8.185105e-17
5559.2	8.149453e-17
5560.6	9.4238087e-17
5562.0	7.6669134e-17
5563.4	8.710483e-17
5564.8	8.479161e-17
5566.2	6.546392e-17
5567.6	1.1535727e-16
5569.0	1.0609557e-16
5570.4	1.01541694e-16
5571.8	1.1585231e-16
5573.2	1.1194677e-16
5574.6	1.0053467e-16
5576.0	1.8943263e-16
5577.4	9.333898e-17
5578.8	5.8440284e-17
5580.2	9.9612583e-17
5581.6	1.0227689e-16
5583.0	1.1994006e-16
5584.4	7.6094826e-17
5585.8	8.616816e-17
5587.2	9.125296e-17
5588.6	1.0624447e-16
5590.0	5.3272956e-17
5591.4	6.0610376e-17
5592.8	1.2430951e-16
5594.2	7.9252724e-17
5595.6	8.683141e-17
5597.0	1.0353418e-16
5598.4	1.0995309e-16
5599.8	9.093779e-17
5601.2	1.02635776e-16
5602.6	1.149352e-16
5604.0	7.715125e-17
5605.4	7.2267025e-17
5606.8	7.601621e-17
5608.2	6.549136e-17
5609.6	1.06839204e-16
5611.0	1.4349242e-16
5612.4	1.2847609e-16
5613.8	7.002923e-17
5615.2	1.12436e-16
5616.6	5.584494e-17
5618.0	1.0045315e-16
5619.4	1.05550754e-16
5620.8	1.4145273e-16
5622.2	9.972095e-17
5623.6	9.3757634e-17
5625.0	8.526001e-17
5626.4	6.359916e-17
5627.8	3.6555106e-17
5629.2	5.1639833e-17
5630.6	7.589832e-17
5632.0	9.5897245e-17
5633.4	8.6551024e-17
5634.8	1.298205e-16
5636.2	6.228803e-17
5637.6	1.0215901e-16
5639.0	9.7001273e-17
5640.4	1.3507552e-16
5641.8	1.2806405e-16
5643.2	7.862792e-17
5644.6	9.942947e-17
5646.0	9.9263824e-17
5647.4	7.913358e-17
5648.8	7.6295063e-17
5650.2	7.591323e-17
5651.6	7.4195004e-17
5653.0	9.584894e-17
5654.4	1.300879e-16
5655.8	1.08795e-16
5657.2	9.897589e-17
5658.6	8.2421355e-17
5660.0	1.0553188e-16
5661.4	1.1276322e-16
5662.8	8.523317e-17
5664.2	1.5139998e-16
5665.6	1.1164221e-16
5667.0	8.071086e-17
5668.4	1.0760687e-16
5669.8	1.01522715e-16
5671.2	1.3278299e-16
5672.6	9.3447805e-17
5674.0	1.4676435e-16
5675.4	7.457087e-17
5676.8	8.473335e-17
5678.2	1.05391214e-16
5679.6	1.03176296e-16
5681.0	1.4574503e-16
5682.4	1.484298e-16
5683.8	9.8996585e-17
5685.2	1.0071864e-16
5686.6	1.0645674e-16
5688.0	2.6629743e-17
5689.4	1.2195537e-16
5690.8	8.446784e-17
5692.2	1.07428626e-16
5693.6	1.4243919e-16
5695.0	9.1382136e-17
5696.4	5.6573106e-17
5697.8	5.103442e-17
5699.2	8.562818e-17
5700.6	1.1352338e-16
5702.0	1.0703204e-16
5703.4	6.0147757e-17
5704.8	1.0477277e-16
5706.2	4.8344525e-17
5707.6	1.22105e-16
5709.0	1.03385056e-16
5710.4	1.4805822e-16
5711.8	1.0270764e-16
5713.2	1.1990305e-16
5714.6	1.1066139e-16
5716.0	6.3768326e-17
5717.4	1.2144015e-16
5718.8	1.2247404e-16
5720.2	1.2497332e-16
5721.6	1.3314815e-16
5723.0	1.0111146e-16
5724.4	9.751423e-17
5725.8	8.9902085e-17
5727.2	1.2849035e-16
5728.6	1.04828903e-16
5730.0	1.4613447e-16
5731.4	1.5419176e-16
5732.8	1.3838168e-16
5734.2	1.46377e-16
5735.6	1.1663075e-16
5737.0	9.610814e-17
5738.4	1.2852975e-16
5739.8	1.2418875e-16
5741.2	1.142828e-16
5742.6	1.1228226e-16
5744.0	9.792967e-17
5745.4	1.4375109e-16
5746.8	1.7269786e-16
5748.2	1.4642297e-16
5749.6	9.851872e-17
5751.0	8.818124e-17
5752.4	1.1253367e-16
5753.8	1.3277376e-16
5755.2	1.2108382e-16
5756.6	1.3788975e-16
5758.0	1.0303234e-16
5759.4	1.08406135e-16
5760.8	1.2621467e-16
5762.2	7.6648766e-17
5763.6	1.2812383e-16
5765.0	1.3773335e-16
5766.4	1.3481675e-16
5767.8	1.08578705e-16
5769.2	7.549639e-17
5770.6	9.537073e-17
5772.0	9.2580926e-17
5773.4	7.381109e-17
5774.8	1.0205046e-16
5776.2	1.115187e-16
5777.6	1.4051854e-16
5779.0	9.631099e-17
5780.4	9.8747485e-17
5781.8	1.1351651e-16
5783.2	1.8586895e-16
5784.6	1.2894503e-16
5786.0	1.389038e-16
5787.4	1.1420367e-16
5788.8	9.8952665e-17
5790.2	1.1768714e-16
5791.6	1.1957892e-16
5793.0	9.5246764e-17
5794.4	9.761362e-17
5795.8	1.4261e-16
5797.2	1.1878602e-16
5798.6	1.242189e-16
5800.0	9.606211e-17
5801.4	1.3385577e-16
5802.8	9.962819e-17
5804.2	1.181146e-16
5805.6	9.776308e-17
5807.0	1.282118e-16
5808.4	1.1249273e-16
5809.8	1.2142417e-16
5811.2	1.0162264e-16
5812.6	8.980409e-17
5814.0	1.2160397e-16
5815.4	1.7708824e-16
5816.8	1.2298193e-16
5818.2	1.4755475e-16
5819.6	1.6069609e-16
5821.0	1.7346184e-16
5822.4	1.4090794e-16
5823.8	1.1753719e-16
5825.2	1.7094561e-16
5826.6	1.3128059e-16
5828.0	1.3544259e-16
5829.4	1.5912009e-16
5830.8	1.2067445e-16
5832.2	1.3733951e-16
5833.6	1.5229803e-16
5835.0	1.1886599e-16
5836.4	9.916807e-17
5837.8	9.36226e-17
5839.2	1.2766916e-16
5840.6	1.1521768e-16
5842.0	8.643935e-17
5843.4	1.0397271e-16
5844.8	9.2932114e-17
5846.2	1.01478385e-16
5847.6	9.569872e-17
5849.0	8.024526e-17
5850.4	9.023907e-17
5851.8	9.0380275e-17
5853.2	8.6349384e-17
5854.6	7.622432e-17
5856.0	9.37462e-17
5857.4	1.1730301e-16
5858.8	1.5772513e-16
5860.2	9.1610034e-17
5861.6	9.36304e-17
5863.0	8.022467e-17
5864.4	9.7005264e-17
5865.8	9.0809906e-17
5867.2	9.4368635e-17
5868.6	9.6922705e-17
5870.0	1.0957602e-16
5871.4	1.0706767e-16
5872.8	1.2259431e-16
5874.2	1.10620756e-16
5875.6	1.504061e-16
5877.0	8.762094e-17
5878.4	6.2203175e-17
5879.8	4.4049558e-17
5881.2	7.338177e-17
5882.6	7.0629995e-17
5884.0	4.5186865e-17
5885.4	5.126047e-17
5886.8	3.539767e-17
5888.2	-7.4091155e-18
5889.6	3.2339936e-17
5891.0	5.6348655e-17
5892.4	1.0220638e-16
5893.8	1.4785434e-16
5895.2	7.795357e-17
5896.6	1.1261105e-16
5898.0	9.138581e-17
5899.4	1.1006623e-16
5900.8	1.1834904e-16
5902.2	9.8029194e-17
5903.6	1.0424561e-16
5905.0	7.7525736e-17
5906.4	1.0252897e-16
5907.8	8.293921e-17
5909.2	8.791545e-17
5910.6	5.874285e-17
5912.0	1.2584976e-16
5913.4	1.024322e-16
5914.8	1.1843058e-16
5916.2	9.5203115e-17
5917.6	8.9599344e-17
5919.0	1.1443223e-16
5920.4	1.2046162e-16
5921.8	9.9635036e-17
5923.2	7.1331675e-17
5924.6	8.996927e-17
5926.0	1.2231354e-16
5927.4	1.2059387e-16
5928.8	1.2845812e-16
5930.2	1.2298807e-16
5931.6	7.3528985e-17
5933.0	9.041914e-17
5934.4	1.4457607e-16
5935.8	1.3983708e-16
5937.2	1.2480813e-16
5938.6	7.8048805e-17
5940.0	1.1544338e-16
5941.4	9.3242274e-17
5942.8	1.125114e-16
5944.2	8.145263e-17
5945.6	1.1118831e-16
5947.0	1.1837766e-16
5948.4	1.2947002e-16
5949.8	9.271382e-17
5951.2	1.05039914e-16
5952.6	8.929233e-17
5954.0	1.3272118e-16
5955.4	1.2616892e-16
5956.8	1.2736304e-16
5958.2	1.1257588e-16
5959.6	1.3124213e-16
5961.0	1.4036816e-16
5962.4	1.2146378e-16
5963.8	1.08367384e-16
5965.2	1.0618668e-16
5966.6	1.05523034e-16
5968.0	1.4317999e-16
5969.4	1.5412262e-16
5970.8	1.3205954e-16
5972.2	1.240497e-16
5973.6	7.244169e-17
5975.0	8.527848e-17
5976.4	1.5589992e-16
5977.8	1.2504867e-16
5979.2	1.3562181e-16
5980.6	1.3569239e-16
5982.0	1.3180297e-16
5983.4	1.4874364e-16
5984.8	1.3599005e-16
5986.2	1.0425897e-16
5987.6	9.8905873e-17
5989.0	1.3707677e-16
5990.4	1.1752255e-16
5991.8	8.626239e-17
5993.2	1.1328688e-16
5994.6	1.440043e-16
5996.0	1.0607528e-16
5997.4	1.157522e-16
5998.8	1.5911301e-16
6000.2	1.2205186e-16
6001.6	1.333336e-16
6003.0	1.1880053e-16
6004.4	1.6516694e-16
6005.8	1.1833666e-16
6007.2	1.195352e-16
6008.6	1.2413347e-16
6010.0	1.5547025e-16
6011.4	1.509669e-16
6012.8	1.867061e-16
6014.2	1.624823e-16
6015.6	1.2620211e-16
6017.0	1.5724743e-16
6018.4	9.2189934e-17
6019.8	1.6197307e-16
6021.2	1.530442e-16
6022.6	1.67993e-16
6024.0	1.5161302e-16
6025.4	1.6220772e-16
6026.8	1.5699344e-16
6028.2	1.2583283e-16
6029.6	1.6495216e-16
6031.0	1.6730632e-16
6032.4	1.4337327e-16
6033.799999999999	1.748589e-16
6035.2	1.7946123e-16
6036.6	1.9646248e-16
6038.0	1.8170817e-16
6039.4	1.8357758e-16
6040.799999999999	1.7005785e-16
6042.2	1.2891806e-16
6043.6	1.3595498e-16
6045.0	1.4663515e-16
6046.4	1.5150283e-16
6047.799999999999	1.469271e-16
6049.2	1.621351e-16
6050.6	1.5326729e-16
6052.0	1.3345343e-16
6053.4	1.0630629e-16
6054.799999999999	1.0842429e-16
6056.2	1.4348373e-16
6057.6	1.6516939e-16
6059.0	1.9474256e-16
6060.4	1.7647016e-16
6061.799999999999	1.800263e-16
6063.2	1.8556222e-16
6064.6	1.6800542e-16
6066.0	1.8706688e-16
6067.4	1.5155162e-16
6068.799999999999	1.3774218e-16
6070.2	1.5354698e-16
6071.6	1.6849433e-16
6073.0	1.3632206e-16
6074.4	1.7465921e-16
6075.799999999999	1.8969741e-16
6077.2	1.5745739e-16
6078.6	1.6724317e-16
6080.0	1.4582956e-16
6081.4	1.8907698e-16
6082.799999999999	1.6710656e-16
6084.2	2.0387511e-16
6085.6	2.0060165e-16
6087.0	1.6755864e-16
6088.4	1.7563906e-16
6089.799999999999	2.0264173e-16
6091.2	1.3238757e-16
6092.6	1.9906414e-16
6094.0	1.9368656e-16
6095.4	1.532575e-16
6096.799999999999	1.5652293e-16
6098.2	1.4342047e-16
6099.6	1.8086916e-16
6101.0	2.0036263e-16
6102.4	1.7961265e-16
6103.799999999999	1.9090159e-16
6105.2	1.6996482e-16
6106.6	1.7612165e-16
6108.0	1.6486489e-16
6109.4	1.1210751e-16
6110.799999999999	1.5513502e-16
6112.2	1.9710592e-16
6113.6	2.0581721e-16
6115.0	1.1623187e-16
6116.4	1.2164009e-16
6117.799999999999	1.2955297e-16
6119.2	1.9479853e-16
6120.6	1.864519e-16
6122.0	1.614011e-16
6123.4	1.2148926e-16
6124.799999999999	1.1524288e-16
6126.2	1.324672e-16
6127.6	1.4382514e-16
6129.0	1.4109704e-16
6130.4	1.4499228e-16
6131.799999999999	1.8424706e-16
6133.2	2.294996e-16
6134.6	1.7229461e-16
6136.0	1.4164682e-16
6137.4	1.4266478e-16
6138.799999999999	1.2322286e-16
6140.2	1.6375634e-16
6141.6	1.3909788e-16
6143.0	1.4098644e-16
6144.4	1.4939741e-16
6145.799999999999	1.4118414e-16
6147.2	1.2304521e-16
6148.6	1.2241764e-16
6150.0	7.7078145e-17
6151.4	7.5087036e-17
6152.799999999999	1.3145217e-16
6154.2	1.1831655e-16
6155.6	1.3080776e-16
6157.0	1.122948e-16
6158.4	1.2519155e-16
6159.799999999999	1.3025178e-16
6161.2	1.0526019e-16
6162.6	1.1999769e-16
6164.0	1.3824423e-16
6165.4	1.06387285e-16
6166.799999999999	1.1172238e-16
6168.2	1.5324772e-16
6169.6	1.2702698e-16
6171.0	1.00458306e-16
6172.4	1.2979625e-16
6173.799999999999	1.5097068e-16
6175.2	1.0229502e-16
6176.6	1.5299584e-16
6178.0	1.1110948e-16
6179.4	1.4494698e-16
6180.799999999999	8.428032e-17
6182.2	1.4952575e-16
6183.6	1.309566e-16
6185.0	1.245779e-16
6186.4	1.2309625e-16
6187.799999999999	1.2289082e-16
6189.2	1.494805e-16
6190.6	1.5018409e-16
6192.0	1.5395094e-16
6193.4	1.1714246e-16
6194.799999999999	1.2603326e-16
6196.2	1.7229847e-16
6197.6	1.2169808e-16
6199.0	1.1653845e-16
6200.4	1.100061e-16
6201.799999999999	1.1369701e-16
6203.2	1.10637266e-16
6204.6	1.10285576e-16
6206.0	1.3572492e-16
6207.4	9.812472e-17
6208.799999999999	8.252312e-17
6210.2	1.1216864e-16
6211.6	1.2434846e-16
6213.0	1.107357e-16
6214.4	1.1607758e-16
6215.799999999999	1.1511577e-16
6217.2	7.708936e-17
6218.6	1.0824594e-16
6220.0	1.282188e-16
6221.4	1.3464588e-16
6222.799999999999	1.3096609e-16
6224.2	1.4211206e-16
6225.6	1.1915224e-16
6227.0	1.0705821e-16
6228.4	1.07835765e-16
6229.799999999999	9.248775e-17
6231.2	1.0678072e-16
6232.6	1.1438486e-16
6234.0	1.2540615e-16
6235.4	1.3869446e-16
6236.799999999999	1.2156543e-16
6238.2	1.1959769e-16
6239.6	9.954443e-17
6241.0	7.430874e-17
6242.4	1.1850847e-16
6243.799999999999	1.00840636e-16
6245.2	1.0364228e-16
6246.6	9.9787734e-17
6248.0	1.4084844e-16
6249.4	1.3053923e-16
6250.799999999999	1.1740242e-16
6252.2	1.3444542e-16
6253.6	9.414695e-17
6255.0	1.275371e-16
6256.4	1.2428591e-16
6257.799999999999	1.2551117e-16
6259.2	1.7371067e-16
6260.6	1.5123506e-16
6262.0	1.3502358e-16
6263.4	1.3744657e-16
6264.799999999999	1.2659176e-16
6266.2	1.3574407e-16
6267.6	1.3680306e-16
6269.0	1.1364277e-16
6270.4	1.2238676e-16
6271.799999999999	1.1619943e-16
6273.2	1.404015e-16
6274.6	1.2702608e-16
6276.0	1.2338561e-16
6277.4	1.3065199e-16
6278.799999999999	1.3776165e-16
6280.2	1.1631357e-16
6281.6	1.4198633e-16
6283.0	1.4675697e-16
6284.4	1.3414076e-16
6285.799999999999	1.0442052e-16
6287.2	1.06777284e-16
6288.6	1.2359487e-16
6290.0	1.287978e-16
6291.4	1.3051039e-16
6292.799999999999	1.1576536e-16
6294.2	1.3362025e-16
6295.6	1.5246475e-16
6297.0	2.6910075e-16
6298.4	2.4276626e-16
6299.799999999999	9.526473e-17
6301.2	9.868682e-17
6302.6	1.3343258e-16
6304.0	1.4116768e-16
6305.4	1.3797967e-16
6306.799999999999	1.130289e-16
6308.2	1.2854868e-16
6309.6	1.606808e-16
6311.0	1.549315e-16
6312.4	1.6440641e-16
6313.799999999999	1.5150966e-16
6315.2	1.7359867e-16
6316.6	1.4110355e-16
6318.0	1.5400032e-16
6319.4	1.7883309e-16
6320.799999999999	1.7396069e-16
6322.2	1.9884032e-16
6323.6	1.1565346e-16
6325.0	1.9256325e-16
6326.4	1.8942686e-16
6327.799999999999	1.9382754e-16
6329.2	2.3566609e-16
6330.6	1.9441882e-16
6332.0	1.3803749e-16
6333.4	1.3685641e-16
6334.799999999999	1.5847351e-16
6336.2	1.733866e-16
6337.6	1.9904107e-16
6339.0	1.9689675e-16
6340.4	1.7688408e-16
6341.799999999999	1.3808283e-16
6343.2	2.0095089e-16
6344.6	1.7089546e-16
6346.0	1.5501928e-16
6347.4	1.3585199e-16
6348.799999999999	1.5203484e-16
6350.2	1.5676693e-16
6351.6	1.522465e-16
6353.0	1.5705003e-16
6354.4	1.629337e-16
6355.799999999999	1.8729823e-16
6357.2	1.928109e-16
6358.6	2.1160453e-16
6360.0	1.9446317e-16
6361.4	3.1086647e-16
6362.799999999999	2.0900534e-16
6364.2	1.6461373e-16
6365.6	2.031098e-16
6367.0	1.978873e-16
6368.4	2.0411273e-16
6369.799999999999	1.752198e-16
6371.2	1.4958234e-16
6372.6	1.6218547e-16
6374.0	2.1181622e-16
6375.4	1.9785982e-16
6376.799999999999	1.7930336e-16
6378.2	1.7745028e-16
6379.6	2.0065435e-16
6381.0	1.5035008e-16
6382.4	1.8950172e-16
6383.799999999999	1.7411399e-16
6385.2	2.1561255e-16
6386.6	1.76733e-16
6388.0	1.6476533e-16
6389.4	1.9146509e-16
6390.799999999999	2.167156e-16
6392.2	2.0998923e-16
6393.6	2.4529254e-16
6395.0	2.011721e-16
6396.4	2.1141511e-16
6397.799999999999	2.3595405e-16
6399.2	2.3003647e-16
6400.6	1.9975677e-16
6402.0	1.7096812e-16
6403.4	2.1308411e-16
6404.799999999999	2.0563422e-16
6406.2	1.8796831e-16
6407.6	1.5626826e-16
6409.0	1.6317022e-16
6410.4	1.9200377e-16
6411.799999999999	2.052767e-16
6413.2	2.1249891e-16
6414.6	2.1604209e-16
6416.0	2.1818306e-16
6417.4	1.7474942e-16
6418.799999999999	2.0432462e-16
6420.2	1.8170838e-16
6421.6	1.3903441e-16
6423.0	1.8676503e-16
6424.4	2.4464392e-16
6425.799999999999	1.7706857e-16
6427.2	2.0809011e-16
6428.6	2.2422188e-16
6430.0	2.739266e-16
6431.4	2.3779714e-16
6432.799999999999	2.1594222e-16
6434.2	2.6024966e-16
6435.6	2.4311998e-16
6437.0	2.3047682e-16
6438.4	1.5809276e-16
6439.799999999999	1.8443583e-16
6441.2	2.0176096e-16
6442.6	2.3053426e-16
6444.0	1.8756573e-16
6445.4	1.8347635e-16
6446.799999999999	2.3737415e-16
6448.2	2.650283e-16
6449.6	2.069758e-16
6451.0	1.9328372e-16
6452.4	2.3072812e-16
6453.799999999999	2.3488165e-16
6455.2	2.4065807e-16
6456.6	2.5708331e-16
6458.0	2.21849e-16
6459.4	1.9878241e-16
6460.799999999999	1.8664826e-16
6462.2	1.9260668e-16
6463.6	1.9652381e-16
6465.0	2.0988149e-16
6466.4	2.0340276e-16
6467.799999999999	2.0517667e-16
6469.2	1.5766073e-16
6470.6	1.5537729e-16
6472.0	1.2862039e-16
6473.4	1.8476676e-16
6474.799999999999	2.1769558e-16
6476.2	2.0076773e-16
6477.6	1.549052e-16
6479.0	2.2154384e-16
6480.4	1.5151142e-16
6481.799999999999	1.8053667e-16
6483.2	1.254248e-16
6484.6	1.2317955e-16
6486.0	1.3422828e-16
6487.4	1.877131e-16
6488.799999999999	1.6665582e-16
6490.2	1.9247123e-16
6491.6	1.7085154e-16
6493.0	1.8447241e-16
6494.4	1.918279e-16
6495.799999999999	1.9808417e-16
6497.2	2.456108e-16
6498.6	2.1116392e-16
6500.0	2.4779983e-16
6501.4	2.0805894e-16
6502.799999999999	1.5625168e-16
6504.2	1.9005299e-16
6505.6	2.0530615e-16
6507.0	1.6617385e-16
6508.4	2.3260078e-16
6509.799999999999	2.0624968e-16
6511.2	2.2239565e-16
6512.6	2.267056e-16
6514.0	2.3025982e-16
6515.4	2.2651763e-16
6516.799999999999	2.4173254e-16
6518.2	2.1917427e-16
6519.6	1.9143293e-16
6521.0	2.2596097e-16
6522.4	2.4320484e-16
6523.799999999999	2.5345335e-16
6525.2	2.1841184e-16
6526.6	2.630491e-16
6528.0	2.622619e-16
6529.4	2.1187661e-16
6530.799999999999	2.2123615e-16
6532.2	2.0264189e-16
6533.6	1.6324454e-16
6535.0	1.8185833e-16
6536.4	1.9000404e-16
6537.799999999999	1.8279093e-16
6539.2	2.0131259e-16
6540.6	1.894587e-16
6542.0	1.7344204e-16
6543.4	1.6116508e-16
6544.799999999999	1.935913e-16
6546.2	2.0368044e-16
6547.6	2.9601366e-16
6549.0	3.4142164e-16
6550.4	3.6832598e-16
6551.799999999999	2.700793e-16
6553.2	2.5415925e-16
6554.6	2.540675e-16
6556.0	2.6601538e-16
6557.4	2.2976716e-16
6558.799999999999	1.9544175e-16
6560.2	1.9786651e-16
6561.6	1.6071299e-16
6563.0	1.5034594e-16
6564.4	1.9558086e-16
6565.799999999999	2.2438954e-16
6567.2	2.1726378e-16
6568.6	2.0692838e-16
6570.0	2.3668004e-16
6571.4	2.4005348e-16
6572.799999999999	2.0706763e-16
6574.2	2.0663774e-16
6575.6	2.2223357e-16
6577.0	2.737281e-16
6578.4	1.8228132e-16
6579.799999999999	1.5175519e-16
6581.2	1.6605235e-16
6582.6	1.8512914e-16
6584.0	2.3232846e-16
6585.4	2.0758929e-16
6586.799999999999	1.8275595e-16
6588.2	2.42405e-16
6589.6	2.0922315e-16
6591.0	2.311542e-16
6592.4	2.0081343e-16
6593.799999999999	2.0259897e-16
6595.2	1.6130096e-16
6596.6	1.5974055e-16
6598.0	1.6243567e-16
6599.4	1.9769173e-16
6600.799999999999	2.0417667e-16
6602.2	2.0597215e-16
6603.6	2.1427707e-16
6605.0	2.2157896e-16
6606.4	2.2918877e-16
6607.799999999999	2.4075167e-16
6609.2	2.0268058e-16
6610.6	1.9820151e-16
6612.0	1.9237835e-16
6613.4	2.0550699e-16
6614.799999999999	2.1005909e-16
6616.2	2.264968e-16
6617.6	2.0214425e-16
6619.0	1.8303162e-16
6620.4	1.9260437e-16
6621.799999999999	1.9360185e-16
6623.2	2.0450495e-16
6624.6	1.9558023e-16
6626.0	2.1263396e-16
6627.4	1.9998915e-16
6628.799999999999	2.3403904e-16
6630.2	2.2014276e-16
6631.6	2.0714534e-16
6633.0	2.0044951e-16
6634.4	2.0906165e-16
6635.799999999999	2.0108605e-16
6637.2	1.76709e-16
6638.6	2.2906855e-16
6640.0	1.9428621e-16
6641.4	1.9556453e-16
6642.799999999999	2.1597467e-16
6644.2	2.1459087e-16
6645.6	2.26599e-16
6647.0	2.1311787e-16
6648.4	2.1726298e-16
6649.799999999999	1.9359883e-16
6651.2	1.9711838e-16
6652.6	1.8373689e-16
6654.0	1.8925134e-16
6655.4	2.044891e-16
6656.799999999999	2.0506055e-16
6658.2	2.128939e-16
6659.6	2.0922544e-16
6661.0	2.0063467e-16
6662.4	2.0072344e-16
6663.799999999999	1.885384e-16
6665.2	1.8978014e-16
6666.6	1.7255608e-16
6668.0	1.650358e-16
6669.4	1.6651293e-16
6670.799999999999	1.9664141e-16
6672.2	1.7664134e-16
6673.6	2.069642e-16
6675.0	2.0485566e-16
6676.4	1.8408158e-16
6677.799999999999	1.7493523e-16
6679.2	1.9170001e-16
6680.6	2.1145979e-16
6682.0	1.8314994e-16
6683.4	1.9439034e-16
6684.799999999999	1.8888336e-16
6686.2	1.8762115e-16
6687.6	2.1503782e-16
6689.0	2.0775828e-16
6690.4	1.6695043e-16
6691.799999999999	1.8631939e-16
6693.2	2.3091524e-16
6694.6	2.141537e-16
6696.0	2.1145819e-16
6697.4	1.8590915e-16
6698.799999999999	1.8414209e-16
6700.2	1.9196546e-16
6701.6	1.6041883e-16
6703.0	1.7431585e-16
6704.4	1.4389856e-16
6705.799999999999	1.5434642e-16
6707.2	1.6045009e-16
6708.6	1.5315133e-16
6710.0	1.9378812e-16
6711.4	1.9689816e-16
6712.799999999999	1.7663093e-16
6714.2	1.6183344e-16
6715.6	2.1514802e-16
6717.0	2.3806973e-16
6718.4	1.7506707e-16
6719.799999999999	1.1528902e-16
6721.2	1.4342796e-16
6722.6	1.7766942e-16
6724.0	1.8262839e-16
6725.4	1.7993267e-16
6726.799999999999	1.7924488e-16
6728.2	1.6384922e-16
6729.6	1.706415e-16
6731.0	1.8504603e-16
6732.4	2.0418548e-16
6733.799999999999	2.0905841e-16
6735.2	2.2104998e-16
6736.6	1.6926679e-16
6738.0	1.6535998e-16
6739.4	1.9344038e-16
6740.799999999999	1.6505213e-16
6742.2	1.9890085e-16
6743.6	1.6637e-16
6745.0	2.1228091e-16
6746.4	1.8526649e-16
6747.799999999999	2.050466e-16
6749.2	1.9260988e-16
6750.6	2.2005331e-16
6752.0	2.5420086e-16
6753.4	2.0027643e-16
6754.799999999999	1.7300574e-16
6756.2	1.952702e-16
6757.6	1.9381642e-16
6759.0	2.0468167e-16
6760.4	1.8022221e-16
6761.799999999999	2.0866657e-16
6763.2	1.995334e-16
6764.6	2.2358814e-16
6766.0	2.2980832e-16
6767.4	2.2020309e-16
6768.799999999999	2.276064e-16
6770.2	1.9715588e-16
6771.6	1.7352771e-16
6773.0	1.8157503e-16
6774.4	2.3063069e-16
6775.799999999999	1.7473455e-16
6777.2	1.8586161e-16
6778.6	2.0503588e-16
6780.0	1.75294e-16
6781.4	1.9836242e-16
6782.799999999999	1.8540483e-16
6784.2	2.0665975e-16
6785.6	2.2981277e-16
6787.0	2.419475e-16
6788.4	2.2582833e-16
6789.799999999999	1.942629e-16
6791.2	2.328779e-16
6792.6	1.5501476e-16
6794.0	2.0776056e-16
6795.4	2.0876207e-16
6796.799999999999	2.0203761e-16
6798.2	2.2924973e-16
6799.6	1.8234392e-16
6801.0	1.5769301e-16
6802.4	1.8179585e-16
6803.799999999999	2.1445956e-16
6805.2	2.073994e-16
6806.6	2.0740724e-16
6808.0	1.7970996e-16
6809.4	2.3404097e-16
6810.799999999999	2.3906886e-16
6812.2	1.4932405e-16
6813.6	2.1305048e-16
6815.0	2.1200679e-16
6816.4	1.9964115e-16
6817.799999999999	2.0925183e-16
6819.2	2.415e-16
6820.6	2.067084e-16
6822.0	2.650042e-16
6823.4	2.677877e-16
6824.799999999999	2.4817705e-16
6826.2	2.0390378e-16
6827.6	2.0023803e-16
6829.0	2.1598271e-16
6830.4	2.0492056e-16
6831.799999999999	2.7652116e-16
6833.2	2.3189862e-16
6834.6	1.9417757e-16
6836.0	2.187518e-16
6837.4	2.0558629e-16
6838.799999999999	2.0394894e-16
6840.2	2.077615e-16
6841.6	2.0245666e-16
6843.0	2.203158e-16
6844.4	1.9326452e-16
6845.799999999999	1.7438938e-16
6847.2	1.9530739e-16
6848.6	2.094216e-16
6850.0	2.002401e-16
6851.4	2.1888393e-16
6852.799999999999	2.2160143e-16
6854.2	2.655496e-16
6855.6	2.6598722e-16
6857.0	2.2162916e-16
6858.4	2.4888467e-16
6859.799999999999	2.0149555e-16
