4002.16515350342  1.298299E-15
4004.90199947358  -4.374396E-15
4007.63884544373  -4.038670E-16
4010.37569141388  7.231662E-15
4013.11253738404  6.214593E-15
4015.84938335419  4.564361E-16
4018.58622932434  2.379866E-15
4021.3230752945  1.018377E-15
4024.05992126465  1.539439E-15
4026.7967672348  9.132360E-16
4029.53361320496  2.400191E-15
4032.27045917511  -8.760661E-17
4035.00730514527  1.935622E-15
4037.74415111542  2.114805E-15
4040.48099708557  2.785512E-15
4043.21784305573  1.337761E-15
4045.95468902588  -9.448308E-16
4048.69153499604  -9.706046E-16
4051.42838096619  6.534841E-16
4054.16522693634  1.057105E-15
4056.9020729065  9.180577E-16
4059.63891887665  1.419241E-15
4062.37576484681  1.179399E-15
4065.11261081696  -3.472316E-16
4067.84945678711  2.539724E-15
4070.58630275727  2.561881E-15
4073.32314872742  2.662763E-15
4076.05999469758  2.102013E-15
4078.79684066773  8.699549E-16
4081.53368663788  -5.164287E-16
4084.27053260804  2.373542E-15
4087.00737857819  1.580747E-15
4089.74422454834  -5.545669E-16
4092.4810705185  1.964100E-15
4095.21791648865  4.278820E-15
4097.95476245881  2.431245E-15
4100.69160842896  1.274825E-15
4103.42845439911  2.205202E-15
4106.16530036927  3.716885E-16
4108.90214633942  1.328491E-15
4111.63899230957  1.245691E-15
4114.37583827973  1.911128E-15
4117.11268424988  4.019128E-16
4119.84953022004  1.137366E-15
4122.58637619019  1.904422E-15
4125.32322216034  9.588566E-16
4128.0600681305  1.988183E-15
4130.79691410065  1.103641E-15
4133.5337600708  2.071074E-15
4136.27060604096  2.901399E-15
4139.00745201111  1.804364E-15
4141.74429798127  2.112961E-15
4144.48114395142  1.104931E-15
4147.21798992157  7.296277E-16
4149.95483589173  9.671254E-16
4152.69168186188  1.685841E-15
4155.42852783203  2.065120E-15
4158.16537380219  2.530875E-15
4160.90221977234  7.731632E-16
4163.6390657425  1.818328E-15
4166.37591171265  2.106395E-15
4169.1127576828  1.465294E-15
4171.84960365296  9.079111E-16
4174.58644962311  1.771908E-15
4177.32329559326  2.811765E-15
4180.06014156342  1.280657E-15
4182.79698753357  7.309712E-16
4185.53383350373  1.442374E-15
4188.27067947388  1.998592E-15
4191.00752544403  2.477784E-15
4193.74437141419  1.754878E-15
4196.48121738434  2.224595E-15
4199.2180633545  1.584495E-15
4201.95490932465  1.357663E-15
4204.6917552948  2.164015E-15
4207.42860126496  8.557290E-16
4210.16544723511  1.991466E-15
4212.90229320526  1.881118E-15
4215.63913917542  1.968303E-15
4218.37598514557  1.895645E-15
4221.11283111573  1.472779E-15
4223.84967708588  3.153114E-15
4226.58652305603  1.929400E-15
4229.32336902619  1.963234E-15
4232.06021499634  1.511908E-15
4234.79706096649  2.170610E-15
4237.53390693665  1.549490E-15
4240.2707529068  9.779545E-16
4243.00759887696  1.962674E-15
4245.74444484711  1.680139E-15
4248.48129081726  1.694213E-15
4251.21813678742  1.739030E-15
4253.95498275757  2.065364E-15
4256.69182872772  2.096995E-15
4259.42867469788  2.346250E-15
4262.16552066803  1.985782E-15
4264.90236663819  3.624332E-15
4267.63921260834  1.643296E-15
4270.37605857849  1.170725E-15
4273.11290454865  1.128591E-15
4275.8497505188  8.737318E-16
4278.58659648895  1.097669E-15
4281.32344245911  2.637263E-15
4284.06028842926  1.876968E-15
4286.79713439942  1.147750E-15
4289.53398036957  8.702341E-16
4292.27082633972  1.384401E-15
4295.00767230988  1.692163E-15
4297.74451828003  2.048212E-15
4300.48136425019  1.463118E-15
4303.21821022034  2.323750E-15
4305.95505619049  1.911794E-15
4308.69190216065  1.717335E-15
4311.4287481308  1.410075E-15
4314.16559410095  1.915102E-15
4316.90244007111  1.469846E-15
4319.63928604126  1.411809E-15
4322.37613201142  2.852645E-15
4325.11297798157  2.502619E-15
4327.84982395172  2.471662E-15
4330.58666992188  2.243642E-15
4333.32351589203  2.677166E-15
4336.06036186218  2.005829E-15
4338.79720783234  1.879024E-15
4341.53405380249  2.530363E-15
4344.27089977265  2.112139E-15
4347.0077457428  1.794520E-15
4349.74459171295  2.197588E-15
4352.48143768311  1.459528E-15
4355.21828365326  3.252009E-15
4357.95512962342  1.021155E-15
4360.69197559357  1.046260E-15
4363.42882156372  1.536519E-15
4366.16566753388  1.544546E-15
4368.90251350403  1.356469E-15
4371.63935947419  1.311262E-15
4374.37620544434  1.803490E-15
4377.11305141449  1.706588E-15
4379.84989738465  7.926142E-16
4382.5867433548  1.139128E-15
4385.32358932495  1.720429E-15
4388.06043529511  1.393941E-15
4390.79728126526  1.887595E-15
4393.53412723542  1.586813E-15
4396.27097320557  9.342107E-16
4399.00781917572  9.255400E-16
4401.74466514588  6.666934E-16
4404.48151111603  6.847394E-16
4407.21835708618  1.847254E-15
4409.95520305634  1.295486E-15
4412.69204902649  2.136085E-15
4415.42889499665  2.014601E-15
4418.1657409668  1.095501E-15
4420.90258693695  1.619012E-15
4423.63943290711  9.628573E-16
4426.37627887726  1.107971E-15
4429.11312484741  1.397827E-15
4431.84997081757  1.338600E-15
4434.58681678772  1.501640E-15
4437.32366275788  1.340111E-15
4440.06050872803  9.520812E-16
4442.79735469818  1.403266E-15
4445.53420066834  1.076021E-15
4448.27104663849  1.437543E-15
4451.00789260865  2.050895E-15
4453.7447385788  1.063822E-15
4456.48158454895  1.234863E-15
4459.21843051911  1.522521E-15
4461.95527648926  1.333973E-15
4464.69212245941  1.510700E-15
4467.42896842957  1.249457E-15
4470.16581439972  1.532034E-15
4472.90266036988  1.225018E-15
4475.63950634003  8.467326E-16
4478.37635231018  1.058983E-15
4481.11319828034  2.106287E-15
4483.85004425049  1.679315E-15
4486.58689022065  1.489804E-15
4489.3237361908  6.867384E-16
4492.06058216095  1.028393E-15
4494.79742813111  1.566943E-15
4497.53427410126  1.566756E-15
4500.27112007141  1.467572E-15
4503.00796604157  1.466486E-15
4505.74481201172  1.076776E-15
4508.48165798188  1.129788E-15
4511.21850395203  1.610277E-15
4513.95534992218  1.711615E-15
4516.69219589234  1.786385E-15
4519.42904186249  1.152886E-15
4522.16588783264  1.062216E-15
4524.9027338028  1.653086E-15
4527.63957977295  1.510417E-15
4530.37642574311  1.368197E-15
4533.11327171326  1.174202E-15
4535.85011768341  1.289450E-15
4538.58696365357  1.279256E-15
4541.32380962372  1.490230E-15
4544.06065559387  1.485302E-15
4546.79750156403  1.562132E-15
4549.53434753418  1.694446E-15
4552.27119350434  1.067257E-15
4555.00803947449  1.492813E-15
4557.74488544464  1.764657E-15
4560.4817314148  1.680550E-15
4563.21857738495  1.316855E-15
4565.9554233551  1.443720E-15
4568.69226932526  1.340592E-15
4571.42911529541  1.580527E-15
4574.16596126557  1.182733E-15
4576.90280723572  1.214771E-15
4579.63965320587  1.500431E-15
4582.37649917603  1.990308E-15
4585.11334514618  1.594824E-15
4587.85019111634  1.649816E-15
4590.58703708649  2.267220E-15
4593.32388305664  1.246074E-15
4596.0607290268  1.047186E-15
4598.79757499695  1.503775E-15
4601.53442096711  1.476711E-15
4604.27126693726  1.215132E-15
4607.00811290741  1.346104E-15
4609.74495887757  1.572116E-15
4612.48180484772  1.615526E-15
4615.21865081787  1.563427E-15
4617.95549678803  1.647560E-15
4620.69234275818  1.478029E-15
4623.42918872833  1.793828E-15
4626.16603469849  1.855703E-15
4628.90288066864  1.376389E-15
4631.6397266388  1.295890E-15
4634.37657260895  1.277223E-15
4637.1134185791  1.726221E-15
4639.85026454926  1.486695E-15
4642.58711051941  1.496446E-15
4645.32395648956  1.403099E-15
4648.06080245972  1.206344E-15
4650.79764842987  1.387304E-15
4653.53449440003  1.445817E-15
4656.27134037018  1.467752E-15
4659.00818634033  1.608574E-15
4661.74503231049  1.461498E-15
4664.48187828064  1.437621E-15
4667.2187242508  1.424721E-15
4669.95557022095  1.429135E-15
4672.6924161911  1.366790E-15
4675.42926216126  1.535795E-15
4678.16610813141  1.609494E-15
4680.90295410156  1.499332E-15
4683.63980007172  1.479255E-15
4686.37664604187  1.541484E-15
4689.11349201203  1.209256E-15
4691.85033798218  1.540848E-15
4694.58718395233  1.441407E-15
4697.32402992249  1.462204E-15
4700.06087589264  1.398033E-15
4702.7977218628  1.337643E-15
4705.53456783295  1.173492E-15
4708.2714138031  1.636594E-15
4711.00825977326  1.545418E-15
4713.74510574341  1.619872E-15
4716.48195171356  1.670576E-15
4719.21879768372  1.411761E-15
4721.95564365387  1.403569E-15
4724.69248962403  1.611821E-15
4727.42933559418  1.496742E-15
4730.16618156433  1.485957E-15
4732.90302753449  1.283134E-15
4735.63987350464  1.298011E-15
4738.37671947479  1.393774E-15
4741.11356544495  1.009644E-15
4743.8504114151  1.476325E-15
4746.58725738526  1.568091E-15
4749.32410335541  1.534441E-15
4752.06094932556  1.336766E-15
4754.79779529572  1.251086E-15
4757.53464126587  1.542239E-15
4760.27148723602  1.302258E-15
4763.00833320618  1.443900E-15
4765.74517917633  1.557097E-15
4768.48202514649  1.512862E-15
4771.21887111664  1.478601E-15
4773.95571708679  1.472916E-15
4776.69256305695  1.122587E-15
4779.4294090271  1.268455E-15
4782.16625499726  1.317041E-15
4784.90310096741  1.241407E-15
4787.63994693756  1.442149E-15
4790.37679290772  1.164516E-15
4793.11363887787  1.266186E-15
4795.85048484802  1.438495E-15
4798.58733081818  1.420058E-15
4801.32417678833  1.140577E-15
4804.06102275849  1.111724E-15
4806.79786872864  1.451198E-15
4809.53471469879  1.610167E-15
4812.27156066895  1.530775E-15
4815.0084066391  1.224412E-15
4817.74525260925  1.289119E-15
4820.48209857941  1.538812E-15
4823.21894454956  1.578103E-15
4825.95579051972  1.430073E-15
4828.69263648987  1.563835E-15
4831.42948246002  1.673116E-15
4834.16632843018  1.715014E-15
4836.90317440033  1.677574E-15
4839.64002037049  1.692374E-15
4842.37686634064  1.802613E-15
4845.11371231079  2.213349E-15
4847.85055828095  2.635866E-15
4850.5874042511  2.800141E-15
4853.32425022125  2.973034E-15
4856.06109619141  2.912061E-15
4858.79794216156  2.483583E-15
4861.53478813171  2.191476E-15
4864.27163410187  1.887856E-15
4867.00848007202  1.505476E-15
4869.74532604218  1.699718E-15
4872.48217201233  1.574081E-15
4875.21901798248  1.345716E-15
4877.95586395264  1.302157E-15
4880.69270992279  1.296917E-15
4883.42955589295  1.552048E-15
4886.1664018631  1.489284E-15
4888.90324783325  1.410604E-15
4891.64009380341  1.222614E-15
4894.37693977356  1.298465E-15
4897.11378574371  1.346914E-15
4899.85063171387  1.243285E-15
4902.58747768402  1.362061E-15
4905.32432365418  1.205809E-15
4908.06116962433  1.456558E-15
4910.79801559448  1.342575E-15
4913.53486156464  1.455346E-15
4916.27170753479  1.401050E-15
4919.00855350495  1.216140E-15
4921.7453994751  1.438424E-15
4924.48224544525  1.174307E-15
4927.21909141541  1.182024E-15
4929.95593738556  1.292540E-15
4932.69278335572  1.227551E-15
4935.42962932587  1.397169E-15
4938.16647529602  1.223902E-15
4940.90332126618  1.487186E-15
4943.64016723633  1.497660E-15
4946.37701320648  1.219759E-15
4949.11385917664  1.194705E-15
4951.85070514679  1.382758E-15
4954.58755111695  1.390335E-15
4957.3243970871  1.326462E-15
4960.06124305725  1.215750E-15
4962.79808902741  1.158994E-15
4965.53493499756  1.110027E-15
4968.27178096771  1.257799E-15
4971.00862693787  1.245638E-15
4973.74547290802  1.293865E-15
4976.48231887818  1.380652E-15
4979.21916484833  1.618780E-15
4981.95601081848  1.479140E-15
4984.69285678864  1.268621E-15
4987.42970275879  1.491844E-15
4990.16654872895  1.330547E-15
4992.9033946991  1.226601E-15
4995.64024066925  1.259773E-15
4998.37708663941  1.259116E-15
5001.11393260956  1.159841E-15
5003.85077857971  1.367430E-15
5006.58762454987  1.437626E-15
5009.32447052002  1.302428E-15
5012.06131649018  1.514066E-15
5014.79816246033  1.489327E-15
5017.53500843048  1.167150E-15
5020.27185440064  1.198332E-15
5023.00870037079  1.391299E-15
5025.74554634095  1.375236E-15
5028.4823923111  1.316541E-15
5031.21923828125  1.262214E-15
5033.95608425141  1.192353E-15
5036.69293022156  1.212838E-15
5039.42977619171  1.220380E-15
5042.16662216187  1.207077E-15
5044.90346813202  1.260364E-15
5047.64031410218  1.150972E-15
5050.37716007233  1.111823E-15
5053.11400604248  1.276934E-15
5055.85085201264  1.305166E-15
5058.58769798279  1.354474E-15
5061.32454395294  1.178647E-15
5064.0613899231  1.120597E-15
5066.79823589325  1.086449E-15
5069.53508186341  1.078642E-15
5072.27192783356  1.263675E-15
5075.00877380371  1.464996E-15
5077.74561977387  1.235829E-15
5080.48246574402  1.285986E-15
5083.21931171417  1.415049E-15
5085.95615768433  1.387693E-15
5088.69300365448  1.198254E-15
5091.42984962464  1.073275E-15
5094.16669559479  1.275189E-15
5096.90354156494  1.230621E-15
5099.6403875351  1.200599E-15
5102.37723350525  1.167628E-15
5105.1140794754  1.220434E-15
5107.85092544556  1.217388E-15
5110.58777141571  1.029942E-15
5113.32461738587  1.047618E-15
5116.06146335602  1.185368E-15
5118.79830932617  1.180613E-15
5121.53515529633  1.134848E-15
5124.27200126648  1.183926E-15
5127.00884723664  1.379171E-15
5129.74569320679  1.185013E-15
5132.48253917694  1.463333E-15
5135.2193851471  1.389214E-15
5137.95623111725  1.168026E-15
5140.6930770874  1.254724E-15
5143.42992305756  1.264694E-15
5146.16676902771  1.114068E-15
5148.90361499787  1.252982E-15
5151.64046096802  1.368757E-15
5154.37730693817  1.288773E-15
5157.11415290833  1.185445E-15
5159.85099887848  1.331948E-15
5162.58784484864  1.401715E-15
5165.32469081879  1.228271E-15
5168.06153678894  1.259084E-15
5170.7983827591  1.262327E-15
5173.53522872925  1.387439E-15
5176.2720746994  1.188510E-15
5179.00892066956  1.139928E-15
5181.74576663971  1.119113E-15
5184.48261260987  1.290776E-15
5187.21945858002  1.340643E-15
5189.95630455017  1.353383E-15
5192.69315052033  1.341054E-15
5195.42999649048  1.167568E-15
5198.16684246064  1.320947E-15
5200.90368843079  1.294721E-15
5203.64053440094  1.167641E-15
5206.3773803711  1.268615E-15
5209.11422634125  1.233266E-15
5211.8510723114  1.269369E-15
5214.58791828156  1.324299E-15
5217.32476425171  1.233085E-15
5220.06161022186  1.179036E-15
5222.79845619202  1.048377E-15
5225.53530216217  1.349408E-15
5228.27214813233  1.194882E-15
5231.00899410248  1.327616E-15
5233.74584007263  1.316740E-15
5236.48268604279  1.314669E-15
5239.21953201294  1.266080E-15
5241.95637798309  1.153215E-15
5244.69322395325  1.100793E-15
5247.4300699234  1.242415E-15
5250.16691589356  1.216096E-15
5252.90376186371  1.190035E-15
5255.64060783386  1.292314E-15
5258.37745380402  1.324270E-15
5261.11429977417  1.076427E-15
5263.85114574432  1.255578E-15
5266.58799171448  1.258992E-15
5269.32483768463  1.291119E-15
5272.06168365479  1.277468E-15
5274.79852962494  1.363932E-15
5277.53537559509  1.293952E-15
5280.27222156525  1.162507E-15
5283.0090675354  1.200953E-15
5285.74591350556  1.287827E-15
5288.48275947571  1.360640E-15
5291.21960544586  1.049362E-15
5293.95645141602  1.073146E-15
5296.69329738617  1.187938E-15
5299.43014335632  1.111443E-15
5302.16698932648  1.291794E-15
5304.90383529663  1.191492E-15
5307.64068126679  1.265776E-15
5310.37752723694  1.321468E-15
5313.11437320709  1.249389E-15
5315.85121917725  1.100073E-15
5318.5880651474  1.311406E-15
5321.32491111756  1.179008E-15
5324.06175708771  1.340990E-15
5326.79860305786  1.162993E-15
5329.53544902802  1.181676E-15
5332.27229499817  1.175695E-15
5335.00914096832  1.191280E-15
5337.74598693848  1.071746E-15
5340.48283290863  1.169219E-15
5343.21967887879  1.391152E-15
5345.95652484894  1.198034E-15
5348.69337081909  1.133594E-15
5351.43021678925  1.202471E-15
5354.1670627594  1.322540E-15
5356.90390872955  1.351500E-15
5359.64075469971  1.381404E-15
5362.37760066986  1.245421E-15
5365.11444664002  1.204046E-15
5367.85129261017  1.304562E-15
5370.58813858032  1.346765E-15
5373.32498455048  1.258953E-15
5376.06183052063  1.065984E-15
5378.79867649079  1.061750E-15
5381.53552246094  1.089101E-15
5384.27236843109  1.298324E-15
5387.00921440125  1.260043E-15
5389.7460603714  1.236397E-15
5392.48290634155  1.270474E-15
5395.21975231171  1.237440E-15
5397.95659828186  1.165305E-15
5400.69344425202  1.149726E-15
5403.43029022217  1.188351E-15
5406.16713619232  1.163628E-15
5408.90398216248  1.187767E-15
5411.64082813263  1.095718E-15
5414.37767410278  1.076995E-15
5417.11452007294  1.150785E-15
5419.85136604309  1.150963E-15
5422.58821201325  1.293002E-15
5425.3250579834  1.257984E-15
5428.06190395355  1.295046E-15
5430.79874992371  1.186020E-15
5433.53559589386  1.137556E-15
5436.27244186401  1.010019E-15
5439.00928783417  1.124233E-15
5441.74613380432  1.245863E-15
5444.48297977448  1.103068E-15
5447.21982574463  1.128704E-15
5449.95667171478  1.178167E-15
5452.69351768494  1.389158E-15
5455.43036365509  1.151402E-15
5458.16720962525  1.208320E-15
5460.9040555954  1.281011E-15
5463.64090156555  1.041730E-15
5466.37774753571  1.154269E-15
5469.11459350586  1.269842E-15
5471.85143947602  1.243584E-15
5474.58828544617  1.070680E-15
5477.32513141632  1.164186E-15
5480.06197738648  1.125282E-15
5482.79882335663  1.211578E-15
5485.53566932679  1.211742E-15
5488.27251529694  9.360277E-16
5491.00936126709  1.077618E-15
5493.74620723725  1.263473E-15
5496.4830532074  1.183702E-15
5499.21989917755  1.032890E-15
5501.95674514771  1.209444E-15
5504.69359111786  1.029106E-15
5507.43043708801  9.382105E-16
5510.16728305817  1.115888E-15
5512.90412902832  1.272626E-15
5515.64097499848  1.293100E-15
5518.37782096863  1.243296E-15
5521.11466693878  1.090312E-15
5523.85151290894  1.099252E-15
5526.58835887909  1.124406E-15
5529.32520484925  1.102180E-15
5532.0620508194  1.131997E-15
5534.79889678955  1.097382E-15
5537.53574275971  1.100513E-15
5540.27258872986  1.058872E-15
5543.00943470001  1.212594E-15
5545.74628067017  1.110533E-15
5548.48312664032  1.133959E-15
5551.21997261048  1.100023E-15
5553.95681858063  1.152026E-15
5556.69366455078  1.156783E-15
5559.43051052094  1.118939E-15
5562.16735649109  1.182645E-15
5564.90420246124  1.149588E-15
5567.6410484314  1.078938E-15
5570.37789440155  1.280904E-15
5573.11474037171  1.310405E-15
5575.85158634186  1.120089E-15
5578.58843231201  1.009052E-15
5581.32527828217  1.008581E-15
5584.06212425232  1.135922E-15
5586.79897022247  1.147412E-15
5589.53581619263  1.117996E-15
5592.27266216278  1.060381E-15
5595.00950813294  1.097393E-15
5597.74635410309  1.007188E-15
5600.48320007324  1.003038E-15
5603.2200460434  1.013458E-15
5605.95689201355  1.028643E-15
5608.69373798371  1.004895E-15
5611.43058395386  1.068733E-15
5614.16742992401  9.634197E-16
5616.90427589416  9.986565E-16
5619.64112186432  1.073370E-15
5622.37796783447  1.009754E-15
5625.11481380463  9.640605E-16
5627.85165977478  8.918285E-16
5630.58850574493  9.809186E-16
5633.32535171509  1.019946E-15
5636.06219768524  1.062374E-15
5638.7990436554  1.199559E-15
5641.53588962555  1.213229E-15
5644.2727355957  1.188681E-15
5647.00958156586  1.106390E-15
5649.74642753601  1.163891E-15
5652.48327350617  1.079987E-15
5655.22011947632  9.460033E-16
5657.95696544647  1.052592E-15
5660.69381141663  1.119266E-15
5663.43065738678  9.936808E-16
5666.16750335693  1.060056E-15
5668.90434932709  1.213531E-15
5671.64119529724  1.208213E-15
5674.3780412674  1.134681E-15
5677.11488723755  1.071966E-15
5679.8517332077  1.050007E-15
5682.58857917786  1.091699E-15
5685.32542514801  1.118789E-15
5688.06227111816  1.126160E-15
5690.79911708832  9.257530E-16
5693.53596305847  1.092726E-15
5696.27280902863  1.168772E-15
5699.00965499878  9.587333E-16
5701.74650096893  1.001941E-15
5704.48334693909  1.087739E-15
5707.22019290924  9.296867E-16
5709.9570388794  1.112355E-15
5712.69388484955  1.082567E-15
5715.4307308197  9.926117E-16
5718.16757678986  9.136759E-16
5720.90442276001  1.095613E-15
5723.64126873016  8.746240E-16
5726.37811470032  9.789375E-16
5729.11496067047  1.035767E-15
5731.85180664063  8.403502E-16
5734.58865261078  1.007552E-15
5737.32549858093  1.031274E-15
5740.06234455109  1.026282E-15
5742.79919052124  1.076355E-15
5745.53603649139  1.038836E-15
5748.27288246155  9.481497E-16
5751.0097284317  1.080742E-15
5753.74657440185  1.025255E-15
5756.48342037201  1.000038E-15
5759.22026634216  1.081424E-15
5761.95711231232  1.101285E-15
5764.69395828247  9.527664E-16
5767.43080425262  9.372241E-16
5770.16765022278  9.891748E-16
5772.90449619293  1.006047E-15
5775.64134216309  1.023687E-15
5778.37818813324  8.752399E-16
5781.11503410339  1.023171E-15
5783.85188007355  1.114307E-15
5786.5887260437  1.088958E-15
5789.32557201386  1.134368E-15
5792.06241798401  1.135623E-15
5794.79926395416  1.111731E-15
5797.53610992432  1.077700E-15
5800.27295589447  1.092683E-15
5803.00980186462  1.018002E-15
5805.74664783478  9.539007E-16
5808.48349380493  1.009291E-15
5811.22033977509  1.059481E-15
5813.95718574524  9.712679E-16
5816.69403171539  9.633124E-16
5819.43087768555  1.029924E-15
5822.1677236557  9.078815E-16
5824.90456962585  9.057686E-16
5827.64141559601  1.042425E-15
5830.37826156616  1.089665E-15
5833.11510753632  8.720569E-16
5835.85195350647  1.068527E-15
5838.58879947662  1.125150E-15
5841.32564544678  1.071900E-15
5844.06249141693  9.917729E-16
5846.79933738709  9.747710E-16
5849.53618335724  1.001122E-15
5852.27302932739  9.045433E-16
5855.00987529755  9.620734E-16
5857.7467212677  9.695616E-16
5860.48356723785  9.725874E-16
5863.22041320801  1.012032E-15
5865.95725917816  8.596427E-16
5868.69410514832  8.365431E-16
5871.43095111847  9.048726E-16
5874.16779708862  9.758010E-16
5876.90464305878  1.020530E-15
5879.64148902893  8.555068E-16
5882.37833499908  1.025196E-15
5885.11518096924  1.092430E-15
5887.85202693939  9.335540E-16
5890.58887290955  2.325358E-16
5893.3257188797  6.956818E-16
5896.06256484985  1.056242E-15
5898.79941082001  9.497792E-16
5901.53625679016  9.678520E-16
5904.27310276032  9.567951E-16
5907.00994873047  9.331271E-16
5909.74679470062  9.753995E-16
5912.48364067078  8.689086E-16
5915.22048664093  9.240357E-16
5917.95733261108  9.829142E-16
5920.69417858124  8.857879E-16
5923.43102455139  8.613210E-16
5926.16787052155  8.937156E-16
5928.9047164917  9.926020E-16
5931.64156246185  1.145374E-15
5934.37840843201  9.906222E-16
5937.11525440216  1.012229E-15
5939.85210037232  9.204585E-16
5942.58894634247  8.557672E-16
5945.32579231262  9.981930E-16
5948.06263828278  9.669151E-16
5950.79948425293  9.614747E-16
5953.53633022308  9.283885E-16
5956.27317619324  9.805865E-16
5959.01002216339  1.080002E-15
5961.74686813354  1.032686E-15
5964.4837141037  9.111078E-16
5967.22056007385  1.020505E-15
5969.95740604401  1.047745E-15
5972.69425201416  1.013987E-15
5975.43109798431  1.028146E-15
5978.16794395447  9.906264E-16
5980.90478992462  1.082729E-15
5983.64163589478  1.064846E-15
5986.37848186493  9.517510E-16
5989.11532783508  9.965734E-16
5991.85217380524  1.063684E-15
5994.58901977539  1.009727E-15
5997.32586574554  1.094895E-15
6000.0627117157  1.091940E-15
6002.79955768585  9.983251E-16
6005.53640365601  9.827429E-16
6008.27324962616  1.042718E-15
6011.01009559631  9.998535E-16
6013.74694156647  1.012674E-15
6016.48378753662  1.046117E-15
6019.22063350678  9.986813E-16
6021.95747947693  9.123388E-16
6024.69432544708  9.222526E-16
6027.43117141724  9.701784E-16
6030.16801738739  1.065646E-15
6032.90486335755  1.062925E-15
6035.6417093277  9.842474E-16
6038.37855529785  9.916966E-16
6041.11540126801  9.676267E-16
6043.85224723816  1.015074E-15
6046.58909320831  9.777695E-16
6049.32593917847  8.858884E-16
6052.06278514862  9.905055E-16
6054.79963111878  9.791625E-16
6057.53647708893  8.810619E-16
6060.27332305908  1.035162E-15
6063.01016902924  9.691065E-16
6065.74701499939  8.876072E-16
6068.48386096954  9.497971E-16
6071.2207069397  1.088173E-15
6073.95755290985  9.715146E-16
6076.69439888001  9.954351E-16
6079.43124485016  9.596744E-16
6082.16809082031  8.935303E-16
6084.90493679047  1.057284E-15
6087.64178276062  9.511737E-16
6090.37862873077  9.960042E-16
6093.11547470093  9.742287E-16
6095.85232067108  1.047065E-15
6098.58916664124  9.864836E-16
6101.32601261139  1.021989E-15
6104.06285858154  1.040689E-15
6106.7997045517  1.013285E-15
6109.53655052185  1.067851E-15
6112.27339649201  1.052090E-15
6115.01024246216  1.061884E-15
6117.74708843231  1.071810E-15
6120.48393440247  1.071608E-15
6123.22078037262  1.054175E-15
6125.95762634277  9.537009E-16
6128.69447231293  8.693990E-16
6131.43131828308  8.855549E-16
6134.16816425324  1.044742E-15
6136.90501022339  1.021720E-15
6139.64185619354  9.485505E-16
6142.3787021637  1.127134E-15
6145.11554813385  9.948703E-16
6147.85239410401  8.842684E-16
6150.58924007416  9.116801E-16
6153.32608604431  1.050059E-15
6156.06293201447  9.498026E-16
6158.79977798462  9.238660E-16
6161.53662395477  1.009024E-15
6164.27346992493  1.088388E-15
6167.01031589508  9.559713E-16
6169.74716186524  9.477297E-16
6172.48400783539  9.408690E-16
6175.22085380554  9.283355E-16
6177.9576997757  1.025911E-15
6180.69454574585  1.004571E-15
6183.431391716  9.724995E-16
6186.16823768616  9.475787E-16
6188.90508365631  8.235699E-16
6191.64192962647  9.958024E-16
6194.37877559662  8.942707E-16
6197.11562156677  9.526999E-16
6199.85246753693  8.677616E-16
6202.58931350708  7.799575E-16
6205.32615947723  9.450386E-16
6208.06300544739  1.010133E-15
6210.79985141754  9.443911E-16
6213.5366973877  9.071128E-16
6216.27354335785  1.006312E-15
6219.010389328  1.037185E-15
6221.74723529816  9.729906E-16
6224.48408126831  9.594165E-16
6227.22092723846  1.017379E-15
6229.95777320862  9.772429E-16
6232.69461917877  9.672254E-16
6235.43146514893  9.917194E-16
6238.16831111908  9.412510E-16
6240.90515708923  9.514518E-16
6243.64200305939  9.829601E-16
6246.37884902954  1.006002E-15
6249.1156949997  9.393698E-16
6251.85254096985  7.758572E-16
6254.58938694  8.467982E-16
6257.32623291016  8.742513E-16
6260.06307888031  8.390517E-16
6262.79992485046  8.355908E-16
6265.53677082062  8.553020E-16
6268.27361679077  9.019817E-16
6271.01046276093  7.983876E-16
6273.74730873108  9.024062E-16
6276.48415470123  9.115036E-16
6279.22100067139  8.024321E-16
6281.95784664154  9.101403E-16
6284.6946926117  9.722409E-16
6287.43153858185  7.980406E-16
6290.168384552  9.591050E-16
6292.90523052216  9.813404E-16
6295.64207649231  9.643656E-16
6298.37892246246  8.751027E-16
6301.11576843262  9.715122E-16
6303.85261440277  1.011325E-15
6306.58946037292  8.401562E-16
6309.32630634308  8.927838E-16
6312.06315231323  8.089308E-16
6314.79999828339  8.820495E-16
6317.53684425354  9.378274E-16
6320.27369022369  8.773482E-16
6323.01053619385  9.672773E-16
6325.747382164  9.643269E-16
6328.48422813416  7.949368E-16
6331.22107410431  9.007993E-16
6333.95792007446  9.681241E-16
6336.69476604462  9.260432E-16
6339.43161201477  8.033111E-16
6342.16845798492  8.148843E-16
6344.90530395508  8.318350E-16
6347.64214992523  1.014138E-15
6350.37899589539  9.664714E-16
6353.11584186554  8.650870E-16
6355.85268783569  8.749271E-16
6358.58953380585  9.221971E-16
6361.326379776  8.532819E-16
6364.06322574615  8.094600E-16
6366.80007171631  9.349128E-16
6369.53691768646  9.418309E-16
6372.27376365662  8.611509E-16
6375.01060962677  9.740996E-16
6377.74745559692  8.582580E-16
6380.48430156708  7.759815E-16
6383.22114753723  8.729552E-16
6385.95799350738  8.842855E-16
6388.69483947754  8.759549E-16
6391.43168544769  8.845139E-16
6394.16853141785  9.410264E-16
6396.905377388  9.566462E-16
6399.64222335815  8.569117E-16
6402.37906932831  8.032286E-16
6405.11591529846  8.297516E-16
6407.85276126861  9.322218E-16
6410.58960723877  8.955528E-16
6413.32645320892  8.921667E-16
6416.06329917908  9.532527E-16
6418.80014514923  9.575351E-16
6421.53699111938  8.869944E-16
6424.27383708954  9.681500E-16
6427.01068305969  8.826929E-16
6429.74752902985  7.906757E-16
6432.484375  7.662627E-16
6435.22122097015  8.538018E-16
6437.95806694031  8.524699E-16
6440.69491291046  8.417444E-16
6443.43175888061  9.029981E-16
6446.16860485077  8.303486E-16
6448.90545082092  8.554970E-16
6451.64229679108  7.926995E-16
6454.37914276123  9.241661E-16
6457.11598873138  9.258614E-16
6459.85283470154  8.060238E-16
6462.58968067169  8.558723E-16
6465.32652664185  9.375856E-16
6468.063372612  8.067782E-16
6470.80021858215  8.381086E-16
6473.53706455231  8.271945E-16
6476.27391052246  8.604212E-16
6479.01075649262  9.137675E-16
6481.74760246277  8.513564E-16
6484.48444843292  8.510216E-16
6487.22129440308  7.402559E-16
6489.95814037323  8.857762E-16
6492.69498634338  9.090417E-16
6495.43183231354  8.619892E-16
6498.16867828369  8.573655E-16
6500.90552425384  9.373415E-16
6503.642370224  8.420910E-16
6506.37921619415  8.547475E-16
6509.11606216431  9.051851E-16
6511.85290813446  8.287646E-16
6514.58975410461  7.662670E-16
6517.32660007477  8.714122E-16
6520.06344604492  1.010194E-15
6522.80029201507  9.987514E-16
6525.53713798523  1.025178E-15
6528.27398395538  1.088857E-15
6531.01082992554  1.165711E-15
6533.74767589569  1.364985E-15
6536.48452186584  1.497756E-15
6539.221367836  1.723669E-15
6541.95821380615  2.204458E-15
6544.69505977631  3.041093E-15
6547.43190574646  3.809183E-15
6550.16875171661  4.427322E-15
6552.90559768677  4.403503E-15
6555.64244365692  3.659044E-15
6558.37928962708  2.615318E-15
6561.11613559723  1.960317E-15
6563.85298156738  1.637465E-15
6566.58982753754  1.347078E-15
6569.32667350769  1.167486E-15
6572.06351947784  1.162991E-15
6574.800365448  1.085038E-15
6577.53721141815  9.703218E-16
6580.2740573883  8.932645E-16
6583.01090335846  8.148476E-16
6585.74774932861  9.657806E-16
6588.48459529877  9.457059E-16
6591.22144126892  8.828259E-16
6593.95828723907  8.515526E-16
6596.69513320923  8.697322E-16
6599.43197917938  9.184296E-16
6602.16882514954  8.344361E-16
6604.90567111969  7.898794E-16
6607.64251708984  7.674333E-16
6610.37936306  8.199901E-16
6613.11620903015  8.585093E-16
6615.8530550003  8.238317E-16
6618.58990097046  7.947395E-16
6621.32674694061  8.551195E-16
6624.06359291076  8.014257E-16
6626.80043888092  7.902630E-16
6629.53728485107  8.300707E-16
6632.27413082123  7.779897E-16
6635.01097679138  8.300544E-16
6637.74782276154  7.297523E-16
6640.48466873169  8.394659E-16
6643.22151470184  8.161585E-16
6645.958360672  8.024096E-16
6648.69520664215  8.087726E-16
6651.4320526123  8.002549E-16
6654.16889858246  8.395567E-16
6656.90574455261  8.441033E-16
6659.64259052277  7.567785E-16
6662.37943649292  8.215315E-16
6665.11628246307  9.185164E-16
6667.85312843323  8.016458E-16
6670.58997440338  7.934471E-16
6673.32682037353  8.814367E-16
6676.06366634369  8.349308E-16
6678.80051231384  8.418101E-16
6681.537358284  6.975675E-16
6684.27420425415  8.073406E-16
6687.0110502243  8.366257E-16
6689.74789619446  8.309418E-16
6692.48474216461  7.714018E-16
6695.22158813476  8.220399E-16
6697.95843410492  8.369501E-16
6700.69528007507  8.389302E-16
6703.43212604523  7.821247E-16
6706.16897201538  7.416902E-16
6708.90581798553  7.888294E-16
6711.64266395569  8.331453E-16
6714.37950992584  8.902261E-16
6717.11635589599  8.590064E-16
6719.85320186615  7.767326E-16
6722.5900478363  7.385079E-16
6725.32689380646  6.794587E-16
6728.06373977661  6.839298E-16
6730.80058574676  7.570900E-16
6733.53743171692  7.918476E-16
6736.27427768707  8.755881E-16
6739.01112365723  7.101005E-16
6741.74796962738  7.091006E-16
6744.48481559753  7.875152E-16
6747.22166156769  7.434865E-16
6749.95850753784  6.690146E-16
6752.69535350799  7.762241E-16
6755.43219947815  8.164721E-16
6758.1690454483  8.335633E-16
6760.90589141846  8.373067E-16
6763.64273738861  7.828029E-16
6766.37958335876  8.424539E-16
6769.11642932892  7.101602E-16
6771.85327529907  8.273557E-16
6774.59012126923  7.632818E-16
6777.32696723938  7.380979E-16
6780.06381320953  8.454324E-16
6782.80065917969  7.435551E-16
6785.53750514984  8.110622E-16
6788.27435111999  7.788144E-16
6791.01119709015  7.108171E-16
6793.7480430603  7.454686E-16
6796.48488903046  8.512401E-16
6799.22173500061  7.430211E-16
6801.95858097076  7.266413E-16
6804.69542694092  7.643494E-16
6807.43227291107  8.377343E-16
6810.16911888122  8.202633E-16
6812.90596485138  8.028550E-16
6815.64281082153  8.179423E-16
6818.37965679169  7.349900E-16
6821.11650276184  8.378333E-16
6823.85334873199  7.365878E-16
6826.59019470215  7.313539E-16
6829.3270406723  7.702394E-16
6832.06388664245  7.061882E-16
6834.80073261261  8.091317E-16
6837.53757858276  7.355579E-16
6840.27442455291  7.580460E-16
6843.01127052307  8.582433E-16
6845.74811649322  7.570590E-16
6848.48496246338  7.364173E-16
6851.22180843353  7.986039E-16
6853.95865440368  7.496056E-16
6856.69550037384  7.298061E-16
6859.43234634399  7.464197E-16
6862.16919231415  7.633088E-16
6864.9060382843  7.853857E-16
6867.64288425445  5.725838E-16
6870.37973022461  5.797294E-16
6873.11657619476  5.136444E-16
6875.85342216492  6.494504E-16
6878.59026813507  6.266454E-16
6881.32711410522  6.281533E-16
6884.06396007538  6.333886E-16
6886.80080604553  6.492196E-16
6889.53765201569  6.798024E-16
6892.27449798584  6.489177E-16
6895.01134395599  6.162479E-16
6897.74818992615  6.094819E-16
6900.4850358963  6.749651E-16
6903.22188186645  6.105667E-16
6905.95872783661  6.680150E-16
6908.69557380676  7.115476E-16
6911.43241977692  6.899109E-16
6914.16926574707  6.933335E-16
6916.90611171722  6.713447E-16
6919.64295768738  7.234494E-16
6922.37980365753  7.206232E-16
6925.11664962768  6.344197E-16
6927.85349559784  6.184900E-16
6930.59034156799  7.637701E-16
6933.32718753815  6.857164E-16
6936.0640335083  6.245264E-16
6938.80087947845  6.275824E-16
6941.53772544861  7.794201E-16
6944.27457141876  6.512950E-16
6947.01141738891  6.467103E-16
6949.74826335907  6.630943E-16
6952.48510932922  7.339668E-16
6955.22195529938  7.853438E-16
6957.95880126953  6.841659E-16
6960.69564723968  6.924806E-16
6963.43249320984  6.651572E-16
6966.16933917999  7.222493E-16
6968.90618515014  7.546509E-16
6971.6430311203  7.835070E-16
6974.37987709045  8.203472E-16
6977.11672306061  7.365277E-16
6979.85356903076  6.897453E-16
6982.59041500091  7.132773E-16
6985.32726097107  7.216265E-16
6988.06410694122  7.252779E-16
6990.80095291137  7.596290E-16
6993.53779888153  8.065987E-16
6996.27464485168  6.895062E-16
6999.01149082184  6.280657E-16
7001.74833679199  6.923890E-16
7004.48518276214  6.664447E-16
7007.2220287323  7.268316E-16
7009.95887470245  7.502771E-16
7012.69572067261  7.627892E-16
7015.43256664276  6.425081E-16
7018.16941261291  7.091177E-16
7020.90625858307  8.117472E-16
7023.64310455322  7.479896E-16
7026.37995052338  7.644953E-16
7029.11679649353  7.008914E-16
7031.85364246368  6.872615E-16
7034.59048843384  6.423474E-16
7037.32733440399  6.158106E-16
7040.06418037414  7.073927E-16
7042.8010263443  7.587971E-16
7045.53787231445  6.893423E-16
7048.27471828461  6.892075E-16
7051.01156425476  6.204095E-16
7053.74841022491  7.267027E-16
7056.48525619507  6.802152E-16
7059.22210216522  6.905540E-16
7061.95894813537  6.436450E-16
7064.69579410553  5.962097E-16
7067.43264007568  6.854453E-16
7070.16948604584  7.745876E-16
7072.90633201599  7.553333E-16
7075.64317798614  6.627387E-16
7078.3800239563  7.836544E-16
7081.11686992645  7.497944E-16
7083.8537158966  7.056189E-16
7086.59056186676  8.134442E-16
7089.32740783691  7.653576E-16
7092.06425380707  7.266444E-16
7094.80109977722  7.040006E-16
7097.53794574737  6.998409E-16
7100.27479171753  7.296049E-16
7103.01163768768  6.602992E-16
7105.74848365784  6.340414E-16
7108.48532962799  6.486355E-16
7111.22217559814  6.749882E-16
7113.9590215683  7.772617E-16
7116.69586753845  7.418343E-16
7119.43271350861  7.489537E-16
7122.16955947876  8.371861E-16
7124.90640544891  7.368288E-16
7127.64325141907  6.521787E-16
7130.38009738922  7.140658E-16
7133.11694335937  7.631229E-16
7135.85378932953  7.085130E-16
7138.59063529968  7.454477E-16
7141.32748126984  7.763228E-16
7144.06432723999  7.486149E-16
7146.80117321014  7.041787E-16
7149.5380191803  7.130988E-16
7152.27486515045  6.853551E-16
7155.0117111206  7.491055E-16
7157.74855709076  7.668797E-16
7160.48540306091  7.568923E-16
7163.22224903107  7.087244E-16
7165.95909500122  5.045979E-16
7168.69594097137  5.090907E-16
7171.43278694153  6.699191E-16
7174.16963291168  6.554193E-16
7176.90647888184  5.403925E-16
7179.64332485199  5.549569E-16
7182.38017082214  6.341752E-16
7185.1170167923  5.205906E-16
7187.85386276245  6.014329E-16
7190.5907087326  5.749969E-16
7193.32755470276  5.208465E-16
7196.06440067291  5.008726E-16
7198.80124664307  5.923268E-16
7201.53809261322  4.456545E-16
7204.27493858337  5.393491E-16
7207.01178455353  5.906274E-16
7209.74863052368  5.803043E-16
7212.48547649383  5.257467E-16
7215.22232246399  5.125614E-16
7217.95916843414  6.815625E-16
7220.6960144043  6.566085E-16
7223.43286037445  5.824336E-16
7226.1697063446  6.624326E-16
7228.90655231476  6.542099E-16
7231.64339828491  5.831837E-16
7234.38024425506  5.760125E-16
7237.11709022522  6.974818E-16
7239.85393619537  6.785396E-16
7242.59078216553  6.624372E-16
7245.32762813568  4.962582E-16
7248.06447410584  5.362489E-16
7250.80132007599  5.878452E-16
7253.53816604614  6.478647E-16
7256.27501201629  6.290039E-16
7259.01185798645  5.162278E-16
7261.7487039566  6.799846E-16
7264.48554992676  7.935117E-16
7267.22239589691  6.619205E-16
7269.95924186706  5.245970E-16
7272.69608783722  6.785914E-16
7275.43293380737  6.064847E-16
7278.16977977753  4.433843E-16
7280.90662574768  6.643312E-16
7283.64347171783  7.187508E-16
7286.38031768799  5.181055E-16
7289.11716365814  6.564378E-16
7291.85400962829  7.121182E-16
7294.59085559845  5.927117E-16
7297.3277015686  7.477520E-16
7300.06454753876  8.463352E-16
7302.80139350891  7.044352E-16
7305.53823947906  6.520609E-16
7308.27508544922  6.562663E-16
7311.01193141937  5.244952E-16
7313.74877738953  4.550374E-16
7316.48562335968  5.521160E-16
7319.22246932983  7.080124E-16
7321.95931529999  7.317683E-16
7324.69616127014  4.433961E-16
7327.43300724029  5.547633E-16
7330.16985321045  6.016705E-16
7332.9066991806  6.368196E-16
7335.64354515075  6.669988E-16
7338.38039112091  7.118108E-16
7341.11723709106  4.528622E-16
7343.85408306122  5.850117E-16
7346.59092903137  6.604470E-16
7349.32777500152  6.774649E-16
7352.06462097168  6.940121E-16
7354.80146694183  5.519169E-16
7357.53831291198  5.736774E-16
7360.27515888214  7.387377E-16
7363.01200485229  8.004211E-16
7365.74885082245  6.810749E-16
7368.4856967926  5.986736E-16
7371.22254276275  5.207318E-16
7373.95938873291  5.667193E-16
7376.69623470306  6.724165E-16
7379.43308067321  7.683693E-16
7382.16992664337  6.687164E-16
7384.90677261352  6.119585E-16
7387.64361858368  5.955448E-16
7390.38046455383  5.357812E-16
7393.11731052398  6.085429E-16
7395.85415649414  5.623581E-16
7398.59100246429  5.260594E-16
7401.32784843445  5.638480E-16
7404.0646944046  8.827466E-16
7406.80154037475  7.794469E-16
7409.53838634491  5.564897E-16
7412.27523231506  7.128585E-16
7415.01207828522  5.997557E-16
7417.74892425537  4.923654E-16
7420.48577022552  5.428440E-16
7423.22261619568  5.140173E-16
7425.95946216583  6.110822E-16
7428.69630813599  6.155864E-16
7431.43315410614  6.851465E-16
7434.17000007629  7.466053E-16
7436.90684604645  7.635390E-16
7439.6436920166  5.922337E-16
7442.38053798675  6.615860E-16
7445.11738395691  5.788374E-16
7447.85422992706  5.709498E-16
7450.59107589721  6.812093E-16
7453.32792186737  6.619271E-16
7456.06476783752  6.974245E-16
7458.80161380768  7.469381E-16
7461.53845977783  6.340618E-16
7464.27530574798  6.966445E-16
7467.01215171814  8.248257E-16
7469.74899768829  8.073179E-16
7472.48584365844  7.291020E-16
7475.2226896286  6.427912E-16
7477.95953559875  6.373387E-16
7480.69638156891  7.064731E-16
7483.43322753906  7.863141E-16
7486.17007350921  4.834527E-16
7488.90691947937  4.060671E-16
7491.64376544952  5.255684E-16
7494.38061141967  6.414390E-16
7497.11745738983  6.424471E-16
7499.85430335998  6.165966E-16
7502.59114933014  7.099621E-16
7505.32799530029  6.146926E-16
7508.06484127044  5.817270E-16
7510.8016872406  5.616882E-16
7513.53853321075  8.101319E-16
7516.27537918091  7.143304E-16
7519.01222515106  6.269886E-16
7521.74907112121  7.747104E-16
7524.48591709137  7.588936E-16
7527.22276306152  7.584809E-16
7529.95960903167  4.581633E-16
7532.69645500183  7.000178E-16
7535.43330097198  7.068164E-16
7538.17014694214  5.290391E-16
7540.90699291229  5.556190E-16
7543.64383888244  6.037337E-16
7546.3806848526  4.591973E-16
7549.11753082275  4.315997E-16
7551.85437679291  5.432939E-16
7554.59122276306  6.899765E-16
7557.32806873321  5.412905E-16
7560.06491470337  5.164610E-16
7562.80176067352  6.670995E-16
7565.53860664368  7.148778E-16
7568.27545261383  7.660807E-16
7571.01229858398  7.367230E-16
7573.74914455414  7.493390E-16
7576.48599052429  6.923881E-16
7579.22283649444  5.503791E-16
7581.9596824646  6.588331E-16
7584.69652843475  6.095572E-16
7587.4333744049  6.646092E-16
7590.17022037506  4.896739E-16
7592.90706634521  5.106292E-16
7595.64391231537  4.403534E-16
7598.38075828552  9.911689E-17
7601.11760425567  -5.342674E-18
7603.85445022583  -1.158268E-17
7606.59129619598  2.010020E-16
7609.32814216613  2.770150E-16
7612.06498813629  1.480886E-16
7614.80183410644  3.105099E-16
7617.5386800766  3.826552E-16
7620.27552604675  2.983300E-16
7623.0123720169  3.901672E-16
7625.74921798706  2.383121E-16
7628.48606395721  2.216299E-16
7631.22290992737  1.666566E-16
7633.95975589752  1.787277E-16
7636.69660186767  4.573009E-16
7639.43344783783  5.086585E-16
7642.17029380798  4.572301E-16
7644.90713977814  5.926495E-16
7647.64398574829  5.516410E-16
7650.38083171844  2.627958E-16
7653.1176776886  5.701159E-16
7655.85452365875  5.307074E-16
7658.5913696289  2.756470E-16
7661.32821559906  2.913232E-16
7664.06506156921  5.486145E-16
7666.80190753936  5.491687E-16
7669.53875350952  3.008026E-16
7672.27559947967  3.960484E-16
7675.01244544983  5.925675E-16
7677.74929141998  3.816720E-16
7680.48613739013  4.294633E-16
7683.22298336029  4.887708E-16
7685.95982933044  5.793345E-16
7688.6966753006  4.285052E-16
7691.43352127075  6.860896E-16
7694.1703672409  6.687645E-16
7696.90721321106  2.418630E-16
7699.64405918121  5.953936E-16
7702.38090515136  5.867139E-16
7705.11775112152  4.640059E-16
7707.85459709167  4.518794E-16
7710.59144306183  5.473001E-16
7713.32828903198  4.974759E-16
7716.06513500213  5.583686E-16
7718.80198097229  6.842852E-16
7721.53882694244  6.988581E-16
7724.2756729126  6.137958E-16
7727.01251888275  6.622201E-16
7729.7493648529  5.718072E-16
7732.48621082306  5.952020E-16
7735.22305679321  5.272223E-16
7737.95990276336  6.864197E-16
7740.69674873352  5.943536E-16
7743.43359470367  7.247670E-16
7746.17044067383  5.758097E-16
7748.90728664398  1.847621E-16
7751.64413261413  3.545064E-16
7754.38097858429  6.704018E-16
7757.11782455444  6.513300E-16
7759.8546705246  4.091220E-16
7762.59151649475  4.088223E-16
7765.3283624649  8.421704E-16
7768.06520843506  7.614494E-16
7770.80205440521  7.223044E-16
7773.53890037536  9.198035E-16
7776.27574634552  5.446015E-16
7779.01259231567  5.553744E-16
7781.74943828583  6.146501E-16
7784.48628425598  6.600060E-16
7787.22313022613  6.693923E-16
7789.95997619628  4.736457E-16
7792.69682216644  4.967051E-16
7795.43366813659  4.412703E-16
7798.17051410675  5.042409E-16
7800.9073600769  7.190137E-16
7803.64420604705  8.924043E-16
7806.38105201721  5.278621E-16
7809.11789798736  5.010186E-16
7811.85474395752  5.294645E-16
7814.59158992767  6.320811E-16
7817.32843589782  4.978169E-16
7820.06528186798  5.561343E-16
7822.80212783813  5.546916E-16
7825.53897380829  3.701008E-16
7828.27581977844  3.901764E-16
7831.01266574859  1.738880E-16
7833.74951171875  3.506038E-16
7836.4863576889  9.686485E-16
7839.22320365905  8.055712E-16
7841.96004962921  5.160787E-16
7844.69689559936  7.214698E-16
7847.43374156952  7.975714E-16
7850.17058753967  6.195787E-16
7852.90743350982  6.534100E-16
7855.64427947998  5.652239E-16
7858.38112545013  3.959392E-16
7861.11797142029  6.748393E-16
7863.85481739044  5.804013E-16
7866.59166336059  5.442216E-16
7869.32850933075  5.326258E-16
7872.0653553009  5.518149E-16
7874.80220127105  4.992135E-16
7877.53904724121  7.234305E-16
7880.27589321136  7.072412E-16
7883.01273918152  6.591929E-16
7885.74958515167  2.112144E-16
7888.48643112182  3.843332E-16
7891.22327709198  5.825613E-16
7893.96012306213  3.145922E-16
7896.69696903228  4.419098E-16
7899.43381500244  4.716273E-16
7902.17066097259  2.798953E-16
7904.90750694275  5.522072E-16
7907.6443529129  5.562327E-16
7910.38119888305  5.246413E-16
7913.11804485321  6.592131E-16
7915.85489082336  6.935529E-16
7918.59173679351  5.153381E-16
7921.32858276367  5.542268E-16
7924.06542873382  7.321817E-16
7926.80227470398  7.317038E-16
7929.53912067413  6.931798E-16
7932.27596664428  6.379171E-16
7935.01281261444  6.939767E-16
7937.74965858459  6.807467E-16
7940.48650455474  5.830384E-16
7943.2233505249  6.215500E-16
7945.96019649505  3.334020E-16
7948.69704246521  5.818460E-16
7951.43388843536  7.817661E-16
7954.17073440551  5.655350E-16
7956.90758037567  6.917739E-16
7959.64442634582  7.343682E-16
7962.38127231598  8.177740E-16
7965.11811828613  3.457002E-16
7967.85496425628  6.140829E-16
7970.59181022644  7.681395E-16
7973.32865619659  6.220966E-16
7976.06550216675  4.547492E-16
7978.8023481369  8.713196E-16
7981.53919410705  8.548705E-16
7984.27604007721  6.344013E-16
7987.01288604736  4.260425E-16
7989.74973201751  5.371272E-16
7992.48657798767  1.071772E-15
7995.22342395782  5.624187E-16
7997.96026992798  6.423464E-16
8000.69711589813  5.657966E-16
